#vertist data
0.0009853 -0.0055169
0.0049224 -0.0121211
0.012766 -0.0191283
0.0205484 -0.0238948
0.0282699 -0.0276499
0.0359311 -0.0307864
0.0435324 -0.0334909
0.0510744 -0.0358698
0.0585574 -0.0379907
0.065982 -0.0398999
0.0807152 -0.043221
0.0952181 -0.0460005
0.109494 -0.0483546
0.123548 -0.0503623
0.137381 -0.0520806
0.150999 -0.0535528
0.177809 -0.055903
0.20378 -0.0575883
0.22894 -0.0587504
0.253314 -0.059493
0.276926 -0.0598947
0.299801 -0.0600173
0.32196 -0.05991
0.343427 -0.0596127
0.364223 -0.0591584
0.38437 -0.0585743
0.403886 -0.0578831
0.422793 -0.0571039
0.441109 -0.0562528
0.458853 -0.0553436
0.476042 -0.0543879
0.492694 -0.0533955
0.508825 -0.0523748
0.524453 -0.0513332
0.539592 -0.0502767
0.554258 -0.0492105
0.568466 -0.0481394
0.582229 -0.0470669
0.595563 -0.0459966
0.60848 -0.0449311
0.620993 -0.0438729
0.633115 -0.0428239
0.656602 -0.0407271
0.678621 -0.0386868
0.699264 -0.0367107
0.718616 -0.0348039
0.736759 -0.0329697
0.753768 -0.0312098
0.769714 -0.0295247
0.784664 -0.0279142
0.798679 -0.0263774
0.811818 -0.0249129
0.824136 -0.023519
0.835684 -0.0221937
0.857336 -0.01966
0.876282 -0.0173901
0.89286 -0.0153625
0.907366 -0.0135561
0.920058 -0.0119502
0.931164 -0.0105254
0.950599 -0.0079865
0.965175 -0.0060434
0.976107 -0.0045636
0.992506 -0.0023067
1.0089 3.7e-006
0.992506 0.0023067
0.976107 0.0045636
0.965175 0.0060434
0.950599 0.0079865
0.931164 0.0105254
0.920058 0.0119502
0.907366 0.0135561
0.89286 0.0153625
0.876282 0.0173901
0.857336 0.01966
0.835684 0.0221937
0.824136 0.023519
0.811818 0.0249129
0.798679 0.0263774
0.784664 0.0279142
0.769714 0.0295247
0.753768 0.0312098
0.736759 0.0329697
0.718616 0.0348039
0.699264 0.0367107
0.678621 0.0386868
0.656602 0.0407271
0.633115 0.0428239
0.620993 0.0438729
0.60848 0.0449311
0.595563 0.0459966
0.582229 0.0470669
0.568466 0.0481394
0.554258 0.0492105
0.539592 0.0502767
0.524453 0.0513332
0.508825 0.0523748
0.492694 0.0533955
0.476042 0.0543879
0.458853 0.0553436
0.441109 0.0562528
0.422793 0.0571039
0.403886 0.0578831
0.38437 0.0585743
0.364223 0.0591584
0.343427 0.0596127
0.32196 0.05991
0.299801 0.0600173
0.276926 0.0598947
0.253314 0.059493
0.22894 0.0587504
0.20378 0.0575883
0.177809 0.055903
0.150999 0.0535528
0.137381 0.0520806
0.123548 0.0503623
0.109494 0.0483546
0.0952181 0.0460005
0.0807152 0.043221
0.065982 0.0398999
0.0585574 0.0379907
0.0510744 0.0358698
0.0435324 0.0334909
0.0359311 0.0307864
0.0282699 0.0276499
0.0205484 0.0238948
0.012766 0.0191283
0.0049224 0.0121211
0.0009853 0.0055169
0 0
-16 -16
-14 -16
-12 -16
-10 -16
-8 -16
-6 -16
-4 -16
-2 -16
0 -16
2 -16
4 -16
6 -16
8 -16
10 -16
12 -16
14 -16
16 -16
16 -14
16 -12
16 -10
16 -8
16 -6
16 -4
16 -2
16 0
16 2
16 4
16 6
16 8
16 10
16 12
16 14
16 16
14 16
12 16
10 16
8 16
6 16
4 16
2 16
0 16
-2 16
-4 16
-6 16
-8 16
-10 16
-12 16
-14 16
-16 16
-16 14
-16 12
-16 10
-16 8
-16 6
-16 4
-16 2
-16 0
-16 -2
-16 -4
-16 -6
-16 -8
-16 -10
-16 -12
-16 -14
-0.00419464 0.00377857
-0.00456519 -0.00200915
-0.00484335 -0.00691074
-0.00969879 0.00132006
-0.00279652 0.0101085
-0.00965873 -0.00473242
-0.00235639 -0.0116935
-0.00911274 0.00773429
-0.00864132 -0.0106128
-0.00808512 0.0144891
-0.015287 0.00493043
-0.014829 -0.00840942
0.0446232 -0.0404955
0.0448095 0.0404826
-0.0154074 -0.00178928
-0.014652 0.0117809
-0.00131942 0.0170166
0.000109734 -0.0181459
0.0371233 0.0376878
0.0368666 -0.0376494
0.0523829 -0.0431143
0.0525151 0.043079
0.0059624 -0.0197316
0.00480928 0.0196861
-0.00669552 -0.0168695
-0.0135007 -0.0150861
-0.0137567 0.0187503
0.0291654 -0.0344114
0.0295032 0.034555
0.0147484 -0.027255
0.0150629 0.0280244
0.0218244 -0.0307857
0.0222243 0.0311324
0.00896524 -0.0244948
0.00753689 0.026023
0.04619 0.0478146
0.0458813 -0.0478841
-0.0204588 0.0159281
-0.00692059 0.0215566
-0.020427 -0.0127295
-0.0212602 0.00885767
-0.0213763 -0.00553414
-0.0216317 0.00167142
0.0602802 -0.0456747
0.0603742 0.0456315
0.000115489 0.0241542
0.0383994 0.0449773
0.0379656 -0.044991
-0.0115917 -0.0220082
0.00302538 -0.0247817
-0.0195955 0.0228447
0.0540714 0.0507084
0.053852 -0.050799
-0.00423645 -0.0237017
-0.0188626 -0.019923
0.0305358 0.0418589
0.0299411 -0.0417464
0.0221168 -0.0378738
0.022902 0.0382381
0.0170253 0.034455
0.0160567 -0.0336505
-0.0128868 0.0259184
-0.0261515 0.0201562
0.00828964 -0.0315965
0.010239 0.0335357
-0.0263406 -0.0175839
0.0474349 0.0552656
0.0470565 -0.0554169
-0.0273867 0.0131829
-0.0169766 -0.0271183
-0.0276867 -0.00987693
-0.0281859 0.00564479
-0.0283083 -0.00209963
-0.00565178 0.0290352
0.00218122 0.0316358
0.0398743 0.0524189
0.0393441 -0.0525388
-0.00933145 -0.0293916
-0.0252494 0.0265949
0.0684248 -0.0484103
0.0684953 0.0483653
0.0624622 -0.0538627
0.0626194 0.0537688
0.031815 0.0496458
0.0310626 -0.0496793
-0.0243792 -0.0250534
-0.0191287 0.0297348
0.0550007 -0.0588943
0.0552763 0.0587339
-0.000993379 -0.0310514
0.0234135 0.0460929
0.0223891 -0.0459174
0.0132451 -0.0407713
0.0146468 0.0413766
-0.0309098 0.0241722
-0.0221658 -0.031528
-0.0123373 0.033615
-0.0324044 -0.0230925
-0.0333494 0.0182156
0.0727723 0.0451571
0.0727435 -0.0451769
-0.0343042 -0.0148666
-0.0349458 0.010286
0.00491017 0.0397404
-0.0353814 -0.00648214
0.0472566 -0.0631739
0.0476832 0.0629232
-0.0155793 -0.0348485
-0.0356063 0.00195143
0.0409249 -0.0592799
0.0414754 0.0590515
-0.0247695 0.0323281
-0.00413774 0.0373656
-0.0295536 -0.0311136
-0.0309881 0.0303422
0.0758998 0.0491501
0.0758501 -0.0491868
0.0338731 0.0578165
0.0330769 -0.0580466
0.00289431 -0.0392146
-0.00667893 -0.0376654
0.0733299 0.0566084
0.0732198 -0.0566921
0.0247197 0.0547677
0.0235507 -0.054896
-0.0199981 0.0371281
0.0639655 -0.0627605
0.064169 0.0626075
-0.0386709 -0.0293708
0.0553529 -0.0674241
0.0556644 0.0671858
-0.0388312 0.0255498
0.0143063 -0.0505917
0.0157774 0.050726
-0.024373 -0.0395369
-0.0411776 -0.0205974
-0.028523 0.037851
0.00815863 0.0469083
0.00654144 -0.0466105
-0.0353396 -0.0381265
-0.0122973 0.0425397
-0.0418838 0.0159358
-0.0428294 -0.0115989
-0.0432663 0.00676616
-0.0435476 -0.00243267
-0.0376679 0.0355578
-0.0140116 -0.0438903
0.0473134 -0.0708214
0.0477477 0.0704783
0.0841948 0.0524159
0.084144 -0.052457
0.0384645 0.0668851
0.0378025 -0.0672848
-0.0017181 0.0476688
-0.00313831 -0.0476388
-0.0452792 -0.0362072
0.0268137 0.0641914
0.0256546 -0.0646698
-0.0474818 0.0322613
-0.03202 -0.0473263
0.0165323 0.0601934
0.0146822 -0.0605321
-0.0347481 0.0450345
-0.0482442 -0.0270991
-0.0229922 0.0467209
0.00529836 -0.0548769
0.00709188 0.0550738
0.0547118 0.0763929
0.0543705 -0.0767209
0.0737434 0.0673639
0.0735759 -0.0675079
0.0643909 0.0720379
0.0641463 -0.0722562
-0.0495178 0.0223494
0.999477 -0.00978298
1.00163 0.00879076
-0.0421277 -0.0452065
-0.0219808 -0.0499497
0.98209 0.0116607
0.980973 -0.0112508
-0.0505788 -0.0175753
-0.0513646 0.0124282
-0.0454148 0.042299
-0.05195 -0.00766192
0.970815 0.0141432
0.970067 -0.0136103
-0.0126768 0.0527706
-0.052216 0.002405
0.0842096 0.0626331
0.0841033 -0.0627228
1.00835 -0.0116903
1.01125 0.00818518
0.95967 0.014914
0.959301 -0.0144862
0.98917 -0.0150926
0.991861 0.0153733
-0.0123946 -0.0537325
0.93875 0.0168462
0.938716 -0.0166515
-0.0520093 -0.0431674
1.01585 -0.00253559
0.0417088 -0.0795695
0.0421915 0.0790524
0.92711 -0.0190967
0.927064 0.0192081
-0.0391534 -0.054316
0.914328 0.0211417
0.914429 -0.0211535
-0.0426575 0.0527336
-0.0552276 -0.0342548
0.949043 0.0206639
0.948807 -0.0201648
-0.0557675 0.0388057
0.901061 0.0225195
0.901162 -0.0226472
0.0293994 0.0747485
0.0285462 -0.0755159
1.0216 0.00696315
1.01844 -0.0143272
-0.0576164 0.0289872
-0.0312137 0.0550375
0.095814 0.0569056
0.0957585 -0.0569513
0.889155 0.0232112
0.889218 -0.0234018
-0.00318545 0.0593325
-0.00374429 -0.0575263
-0.0291493 -0.0568102
0.0178068 0.0707911
0.0161305 -0.0718023
0.868895 -0.0280848
0.868969 0.0277444
0.99836 -0.0198315
1.00354 0.01813
-0.048922 -0.0520626
1.01574 0.0178361
-0.0584657 -0.0245821
-0.0215317 0.0566974
0.846191 0.0297172
0.845999 -0.0299527
0.00301024 -0.066404
0.00688283 0.0656615
0.979103 0.0219566
0.976963 -0.0206944
-0.059855 0.0189143
-0.0540855 0.0493813
0.834007 0.03256
0.833763 -0.0327655
0.820849 0.0350818
0.820593 -0.0352272
0.0529484 -0.0878089
0.0533076 0.0874053
0.881136 0.0296422
0.881167 -0.0300723
0.806918 0.0371857
0.806692 -0.0372733
-0.0199869 -0.0584065
0.962682 0.0257734
0.961822 -0.0246449
0.858057 -0.0343681
0.0646836 -0.0825285
0.0649701 0.0822505
0.792328 0.0389173
0.792152 -0.0389619
0.85831 0.033891
-0.0607351 -0.0139142
0.0832874 0.0738662
0.0831155 -0.0740135
0.93587 0.0258848
0.935883 -0.0255055
0.0731092 0.0764848
0.0728912 -0.0766826
1.00885 -0.0236501
-0.0613735 0.00817997
0.777188 0.04032
0.777061 -0.0403372
-0.0617189 -0.0028654
1.0263 -0.00428852
0.761658 0.0413854
0.761573 -0.0413873
-0.0514595 0.060872
-0.059264 -0.0499002
1.02739 0.0166179
-0.0457653 -0.0601397
0.746233 0.0420386
0.74618 -0.0420333
-0.0144042 0.0636871
0.732947 0.042148
0.732914 -0.0421405
-0.0115952 -0.064999
0.711926 0.0463482
0.711909 -0.0463345
0.922207 0.02895
0.922405 -0.0288248
0.98661 -0.0267074
0.992152 0.0294714
0.89446 0.0311769
0.894639 -0.0315649
0.689842 0.0490881
0.689842 -0.049073
0.908223 0.0307165
0.90848 -0.0308798
0.0949276 0.0686839
0.0948085 -0.0687806
-0.0611507 -0.0413162
-0.0389386 0.0637541
0.666767 -0.0506554
0.666754 0.0506679
0.643089 0.0506776
0.643105 -0.0506698
-0.065205 0.0447263
0.630545 -0.0529759
0.630522 0.0529836
-0.0369092 -0.0643009
0.617625 -0.054978
0.617594 0.0549847
-0.0638524 0.0568217
0.604427 0.0566964
0.604468 -0.0566921
-0.0646595 0.0351557
-0.0263966 0.0652741
0.0307928 -0.0858949
0.0312597 0.0850707
0.87167 -0.0389709
0.871826 0.0381812
0.0404148 0.0924334
0.040065 -0.0930176
0.845196 -0.0408128
0.845669 0.0403204
0.946472 -0.0317516
0.946643 0.0326514
-0.0661213 -0.033113
0.59102 0.0582967
0.591075 -0.0582965
1.02195 0.0280139
-0.0551414 -0.0595726
0.72446 -0.0490911
0.7245 0.0491086
0.701954 -0.0530845
0.701966 0.0531078
1.02064 -0.0271364
-0.0682838 0.0264172
0.678438 -0.055347
0.678427 0.0553689
0.0190551 -0.0839257
0.0197935 0.0825386
0.654294 -0.055775
0.65427 0.0557908
1.00836 0.0292278
1.03031 -0.016608
-0.00437377 0.0711617
1.03272 0.00606954
-0.0248668 -0.0665319
0.577274 0.0598878
0.577344 -0.0598941
0.974876 0.0354161
0.973004 -0.0328946
0.117652 0.0594692
0.1176 -0.0595056
0.106868 0.0633741
0.10679 -0.0634335
0.99748 -0.0320741
0.00569203 -0.079801
0.00733226 0.0774482
0.831022 -0.0449394
0.831586 0.0445817
-0.0612095 0.0694867
0.816701 0.0477907
0.816176 -0.0480095
-0.0697828 -0.0215042
0.801199 0.0500973
0.800778 -0.0502105
-0.0708443 0.0151107
0.0651426 0.09428
0.0647836 -0.0946091
0.785379 0.0516755
0.78507 -0.0517208
0.769424 0.0525704
0.769212 -0.052577
0.563096 0.061466
0.563187 -0.0614828
0.753647 0.052716
0.753512 -0.0527036
0.738637 0.051866
0.738557 -0.0518471
-0.0652172 -0.0571037
0.886191 0.0402187
0.886349 -0.0410786
1.03377 -0.0302442
1.03456 0.0257011
0.931753 -0.0365963
0.931489 0.0370814
-0.0486552 -0.0703734
-0.0718026 -0.00927687
0.129857 0.0626496
0.12979 -0.0626933
-0.0721175 0.0030825
0.859962 0.0477966
0.859315 -0.0487939
0.548455 0.0630102
0.548571 -0.0630429
-0.0478461 0.0730143
0.0524276 0.100059
0.0520038 -0.100484
1.00947 -0.0368252
0.958021 -0.0389661
0.958508 0.0407919
0.715253 -0.0580263
0.715292 0.0580597
0.690949 -0.0615712
0.690946 0.0616074
0.641004 -0.0610577
0.640963 0.0610761
0.665875 0.062793
0.665906 -0.0627633
0.90105 0.0408409
0.901502 -0.0413761
-0.0730336 -0.0460768
1.03849 -0.00519728
0.91627 0.0397651
0.916764 -0.0397783
0.0789191 -0.0871856
0.0791942 0.0869545
1.03731 0.0152575
0.533341 0.0645098
0.533487 -0.0645662
0.0945987 0.0811361
0.0943944 -0.0812939
-0.00554543 -0.0753132
-0.0183065 0.0768901
-0.0745284 0.0650833
-0.0629334 -0.0677387
-0.0339715 0.0755608
0.144938 -0.0641561
0.145012 0.0641107
1.00093 0.0416538
-0.0763786 0.051342
0.984465 -0.0396895
0.986095 0.0446962
1.02971 0.0384404
0.627483 -0.0644608
0.627422 0.0644783
0.613853 -0.0669372
0.613772 0.066951
0.600192 0.0690162
0.600296 -0.0690091
-0.0762645 0.0368265
-0.0177496 -0.0770683
0.517743 0.0659572
0.517923 -0.066048
0.104845 0.0742425
0.104701 -0.0743496
1.02255 -0.0411131
1.01547 0.0403995
-0.0338536 -0.0775607
1.04377 -0.018363
0.844086 0.0534713
0.843117 -0.054145
0.729595 0.0615118
0.729511 -0.0614711
0.586638 -0.0711126
0.586503 0.0711091
0.876324 -0.0515125
0.876505 0.0498958
0.942464 -0.0446964
0.942196 0.0458407
0.501649 0.0673537
0.501866 -0.0674929
0.0244844 -0.0974798
0.0244637 0.0965954
0.118519 0.0726319
0.118386 -0.0727219
-0.0789346 -0.0308646
0.159916 -0.0641657
0.159989 0.0641225
0.0388287 0.10643
0.0383471 -0.106917
-0.0802686 0.0235015
0.652441 -0.0688017
0.652384 0.0688362
0.704519 -0.0668588
0.70454 0.066911
-0.0756083 -0.0621087
0.678552 0.0694276
0.572568 -0.0732587
0.572394 0.0732382
0.67858 -0.0693794
0.970511 0.0499518
0.969948 -0.0467164
0.744923 0.0637833
0.744769 -0.0637418
-0.00462338 0.083955
0.761049 0.0647733
0.760792 -0.0647436
-0.0577609 0.0824956
0.485034 0.0687006
0.485285 -0.0689056
-0.0715465 0.078575
0.00854834 -0.0930805
0.0637212 0.106014
0.0632418 -0.106387
0.0084376 0.0905879
0.828347 0.0583719
0.827384 -0.0587736
0.777293 -0.0646808
0.777689 0.0646764
0.811447 0.0615387
0.810678 -0.0617369
0.793974 -0.0636681
0.794543 0.063594
1.0438 0.0351903
1.04478 0.00719226
-0.0591631 -0.080398
0.996808 -0.0457571
0.558013 -0.0753466
0.557791 0.0752995
-0.0824904 -0.0172104
-0.0829811 0.0105767
0.892275 0.0516937
0.892868 -0.0530659
0.467863 0.0699864
0.468141 -0.0702765
-0.00717791 -0.0882781
0.92649 -0.0490984
0.925725 0.0495334
0.171179 -0.072152
0.171328 0.0720636
1.03665 -0.0450855
0.187101 0.0689725
0.18697 -0.0690517
0.542991 -0.0773779
0.54271 0.0772907
-0.0838108 -0.00320339
1.04668 0.0208244
-0.0435644 0.0858596
0.85441 -0.0614389
0.450111 0.0711878
0.450396 -0.0715811
0.137059 0.0772843
0.136886 -0.0773914
1.04819 -0.0330681
0.855894 0.0603294
0.638254 -0.0736811
0.638164 0.0737166
0.99509 0.0530123
0.908955 0.0516055
0.909958 -0.0519796
0.866574 -0.0604356
0.954259 -0.0531594
0.953996 0.0552741
-0.0737036 -0.0767062
0.867639 0.0586374
0.0772838 0.103036
0.0768544 -0.103352
-0.0286931 0.0885248
0.71918 -0.0714145
0.719248 0.0714835
1.03858 0.0495299
0.154812 0.0750208
0.15465 -0.0751175
0.664925 0.0767239
0.664992 -0.0766655
-0.0467529 -0.0827531
1.0101 -0.0512077
-0.0854603 0.0743517
0.527139 0.0791875
0.527488 -0.0793336
0.0531789 0.113802
0.0525559 -0.114232
0.43176 0.0722784
0.432019 -0.0727851
0.692398 -0.0757585
0.692387 0.075831
1.00804 0.0532671
-0.088372 0.059872
-0.0235303 -0.0896721
1.02334 0.0519343
0.609497 0.0793577
0.609655 -0.0793358
0.623612 0.0771708
0.623737 -0.0771395
0.982643 -0.0540281
0.982699 0.0588327
-0.01568 0.0900331
1.05254 -0.00506017
0.215045 0.0718879
0.214838 -0.072027
0.199739 0.076858
0.199487 -0.0770163
-0.0897291 0.0446972
0.511086 0.0809882
0.511511 -0.0812182
0.596054 0.0816724
0.596256 -0.0816636
-0.0882111 -0.0400227
0.412797 0.0732305
0.41299 -0.0738453
1.05178 -0.0489564
-0.0895588 -0.0539948
-0.0681614 0.0920411
0.109369 0.0854416
0.109137 -0.0856015
0.734999 0.0749064
0.734854 -0.0748237
0.0960455 0.0976968
0.0956887 -0.0979447
0.843257 0.0695646
0.841514 -0.0702292
-0.0890079 0.0319389
0.393211 0.0740086
0.393296 -0.0747028
0.494532 0.0827193
0.495036 -0.0830658
0.582212 0.084521
0.582473 -0.0845328
-0.0890515 -0.070832
1.02417 -0.0561277
0.881284 -0.0668381
0.881298 0.0629893
1.05396 0.0464207
0.751666 0.0770788
0.751402 -0.0769917
0.937681 -0.0586866
0.936737 0.0598768
0.242915 -0.0730236
0.243179 0.0728053
-0.0693073 -0.091429
1.05875 -0.0198712
0.769028 0.0779725
0.768595 -0.0779008
0.65031 -0.0828956
0.650193 0.0829596
0.373004 0.0745602
0.372959 -0.0752816
-0.0817927 0.0879109
0.786174 -0.0776079
0.78683 0.0776298
-0.0385199 -0.0921061
-0.0937933 -0.0271373
0.477421 0.0843842
0.477995 -0.0848868
0.182852 0.0825046
0.182563 -0.0826775
0.228881 -0.0795061
0.229245 0.0792385
0.567613 0.0871195
0.567945 -0.0871649
-0.0939708 0.0201581
0.803936 -0.076182
0.804873 0.0760993
0.0229552 -0.113914
0.0236809 0.113703
0.821932 -0.0737042
0.823211 0.0734276
0.966655 0.0648692
0.967048 -0.0616186
-0.00518091 0.0975821
0.0114836 -0.105621
0.0388185 0.121967
0.037912 -0.122406
0.00880309 0.105383
-0.0539684 0.0959123
0.707407 -0.0813945
0.707437 0.0814958
0.67881 0.0843239
0.678871 -0.0842323
0.352215 0.0748103
0.352047 -0.0754963
1.06037 0.0114031
0.12405 0.0860411
0.12381 -0.0861951
0.270791 -0.0712072
0.271031 0.0709455
0.460318 -0.0866492
0.459698 0.0859482
-0.0535377 -0.0931971
1.0587 0.0303407
0.861659 -0.0736909
0.553013 -0.0897439
0.552592 0.0896474
0.864714 0.0723045
0.899779 0.0647644
0.901868 -0.0657126
-0.0966327 0.00485737
0.0706204 0.11891
0.0699576 -0.11933
-0.0966212 -0.0111739
0.920277 -0.0629419
0.9187 0.0631963
0.165425 0.0859395
0.165132 -0.0861113
-0.00237218 -0.103357
0.330962 0.0746638
0.330707 -0.075261
1.03886 -0.0609071
1.06382 -0.0357524
0.996293 -0.0607342
0.150098 0.0866954
0.149826 -0.0868575
-0.038974 0.0995683
-0.0860221 -0.0874985
1.04792 0.0611969
0.258579 -0.0788371
0.258982 0.078457
0.441342 0.0873626
0.441953 -0.0882976
0.288357 -0.0730979
0.288636 0.0727389
0.309521 0.07401
0.309231 -0.0744894
0.537565 -0.0922446
0.53704 0.0920719
-0.015406 -0.0995938
-0.0215783 0.103165
0.997349 0.0667396
0.213501 0.0870705
0.213042 -0.0873745
0.634708 -0.0877368
0.63453 0.0877989
-0.0781646 0.0997682
-0.0958008 0.0845482
0.422349 0.0885882
0.422868 -0.0897705
1.01557 0.0659952
1.03212 0.06408
0.723666 0.0861584
0.72356 -0.086026
0.9502 -0.0683418
0.949213 0.0704893
-0.105571 -0.0418841
0.520992 0.0943011
0.521636 -0.0945834
-0.100265 0.0700519
0.663832 0.092063
0.663964 -0.0919566
0.137128 0.093945
0.136791 -0.0941497
1.01079 -0.0666708
0.402708 0.0895858
0.403037 -0.0909855
0.618432 0.0907191
0.61867 -0.0906697
0.60508 0.0905946
0.605346 -0.0905647
-0.0285251 -0.103324
-0.10344 0.053674
0.0547009 0.129424
0.0537835 -0.129927
-0.105686 -0.0628117
0.0890551 0.114407
0.0884934 -0.114769
0.694095 0.0913255
0.694127 -0.0911911
0.505284 -0.0968564
0.504511 0.0964201
-0.104527 0.0345323
0.740959 0.0895792
0.740728 -0.0894191
-0.103551 -0.0815963
0.98094 -0.0696889
0.980148 0.0738845
0.593014 0.0953992
0.593375 -0.0953869
-0.0807977 -0.104207
1.06167 0.0579532
0.19565 -0.093535
0.196148 0.0932301
0.382413 0.0902915
0.382469 -0.0918199
0.245377 0.0881574
0.244778 -0.0886453
-0.065367 0.10747
-0.091159 0.0980736
1.05442 -0.0660116
1.06855 -0.00537179
1.0681 -0.0527671
0.487511 0.0984968
0.488416 -0.0991455
0.835263 0.0859599
0.833325 -0.086203
0.759132 0.09162
0.758712 -0.0914452
0.361254 -0.0921193
0.361496 0.0905985
0.118242 0.100986
0.117842 -0.101239
0.57787 0.0985406
0.578329 -0.0985674
0.93228 -0.0739572
0.930526 0.0751022
0.893511 -0.0812375
0.887061 0.0807986
0.777936 0.092218
0.777256 -0.0920563
0.848967 -0.0837791
0.851588 0.0832659
-0.0449156 -0.105978
-0.0625085 -0.106317
1.02552 -0.0717215
0.876316 -0.0823225
0.276698 -0.0848186
0.17738 0.0980933
0.17688 -0.0983867
0.340083 0.0903538
0.339599 -0.091728
0.277253 0.0842043
0.79608 -0.091276
0.797097 0.0913767
0.469867 0.100502
0.470887 -0.101433
1.07238 0.0443776
0.814905 -0.0892125
0.816335 0.0891834
0.647676 -0.0985328
0.647453 0.0986453
-0.0497151 0.107923
0.56356 -0.101505
0.562986 0.101421
-0.00643833 0.112305
-0.110706 -0.0214939
-0.110083 0.0156027
0.913352 -0.0782973
0.910512 0.0784665
1.07433 0.0239392
0.318471 0.0893735
0.317854 -0.0905083
0.156112 0.101394
0.155636 -0.101672
1.07502 -0.0214439
0.229384 0.096879
0.228645 -0.0974051
1.05853 0.0725955
0.00370232 -0.120244
0.00785536 0.121461
-0.0995627 -0.0999174
0.452602 -0.10362
0.451528 0.102335
0.710715 -0.0972026
0.71075 0.0973885
-0.112035 -0.0027126
0.963106 0.0809441
0.964003 -0.0778224
0.0233273 0.130319
0.0216843 -0.1308
0.297214 0.0874431
0.296582 -0.0883093
1.07155 -0.0712994
0.0392277 0.138074
0.0380337 -0.138667
0.679161 0.100646
0.679284 -0.100481
0.548292 -0.104809
0.547567 0.104637
-0.104315 0.0945332
-0.0839641 0.113226
-0.0361535 0.115913
0.10468 0.112005
0.104156 -0.112338
-0.0154879 -0.113256
0.433533 -0.105624
0.432515 0.103928
1.04191 0.0766137
1.03997 -0.0774309
1.02474 0.0792494
0.996021 -0.0770554
1.00724 0.0807762
0.532252 -0.107636
0.531362 0.107335
1.08041 -0.0382238
0.0715901 0.137365
0.0705792 -0.13794
1.07626 0.00813298
0.412842 0.105254
0.413637 -0.10737
0.263661 0.0952529
0.262825 -0.0960338
0.862736 -0.0909033
0.866555 0.0907241
0.629829 -0.103469
0.629493 0.103572
-0.111261 0.0822686
0.728522 -0.101987
0.728679 0.10223
0.992112 0.0815435
-0.124132 -0.0540081
0.211406 0.104486
0.210599 -0.105
-0.118747 -0.0939276
0.514903 0.10979
0.515976 -0.110271
1.07491 0.0651722
0.39248 0.10627
0.392865 -0.108721
-0.122031 -0.0742314
0.0848981 0.128344
0.0841054 -0.128826
0.945713 -0.0848544
0.944112 0.0870303
-0.093895 -0.118461
-0.116719 0.0655453
-0.102374 0.108311
0.608567 0.105781
0.609022 -0.105716
-0.0333256 -0.119197
0.13728 0.111398
0.136707 -0.111741
0.662583 0.109108
0.66283 -0.108922
1.08595 -0.056157
0.371404 0.10687
0.371252 -0.109449
-0.120531 0.0473459
0.845745 -0.0979262
0.848397 0.0978907
0.49809 0.112235
0.499364 -0.112967
1.0121 -0.0831407
0.747718 0.105617
0.747367 -0.105321
1.05561 -0.0845458
0.191994 0.110544
0.191184 -0.111023
-0.0198328 0.118113
0.696116 0.108351
0.69619 -0.108112
0.0548261 0.146397
0.0535547 -0.147049
-0.0733583 -0.121308
-0.0538988 0.120632
0.588508 0.111213
0.589151 -0.111202
0.88249 -0.0989864
0.349002 -0.109292
0.349668 0.106861
-0.126621 -0.0334099
-0.053057 -0.121529
0.979227 -0.0868854
0.978603 0.0904998
0.926333 -0.0906663
0.923851 0.0917094
0.480643 0.114756
0.482125 -0.115836
0.247719 0.106478
0.905814 -0.0953101
0.903242 0.0953756
0.246618 -0.107344
0.76763 0.107387
0.827057 -0.102431
0.829098 0.102558
0.766992 -0.107053
0.327503 0.105979
-0.124422 0.0283729
0.326501 -0.108041
0.171763 0.115128
0.170987 -0.115574
0.282852 -0.101693
0.283881 0.100537
-0.11418 -0.113438
0.100895 0.126507
0.100144 -0.126971
0.788101 0.10745
0.787078 -0.107117
0.573823 -0.111541
0.573098 0.111489
1.07121 0.0847818
-0.0692683 0.122603
1.08771 -0.00521034
1.0878 0.033459
0.305374 0.103957
0.304265 -0.105557
0.464001 -0.118694
0.46235 0.117153
0.807253 -0.105538
0.808754 0.105805
0.118567 -0.120919
0.119243 0.120505
1.08977 0.0160459
-0.129304 -0.0124175
-0.12852 0.00852822
-0.120462 0.0993499
-0.0980391 0.123546
1.0266 -0.0859707
0.883556 0.101127
0.644666 -0.116157
0.644257 0.116348
0.56032 -0.11715
0.559368 0.11701
0.444994 -0.121325
0.443288 0.11921
1.05276 0.0897761
-0.00865115 0.128023
0.714573 -0.114527
0.714606 0.114855
0.227724 -0.116889
0.228972 0.116044
0.959646 0.0990092
0.960561 -0.0955532
1.09027 -0.0240255
0.15377 0.118749
0.153022 -0.119183
1.09441 0.053409
1.03464 0.0927295
1.09063 -0.076313
0.543403 -0.12055
0.542226 0.120261
0.425138 -0.12372
0.423586 0.12094
0.00460332 -0.140974
1.07385 -0.0917793
0.0064459 0.138929
0.0239743 0.147686
0.0227799 -0.148568
1.01629 0.0952856
0.679661 0.118727
0.67989 -0.118443
0.0397688 0.152575
0.038362 -0.153267
-0.0262558 0.131046
-0.134437 -0.10722
-0.0170732 -0.133704
1.0904 0.0778442
-0.1088 -0.133418
0.403213 0.122364
0.404297 -0.125815
-0.13849 -0.0867189
0.99683 0.0958729
0.525579 0.122892
0.526994 -0.12338
-0.141331 -0.0659064
-0.0426059 0.130766
1.0381 -0.0952989
-0.115682 0.120944
0.996265 -0.0951817
-0.0827911 0.132582
0.624541 -0.121901
0.623924 0.122071
0.734497 0.119858
0.734276 -0.119431
0.861382 -0.108736
0.8643 0.109071
-0.143272 -0.0454263
1.09863 -0.0389634
0.268612 0.113884
0.267153 -0.115218
0.382065 0.12343
0.382333 -0.127346
0.20712 -0.12413
0.940664 -0.102782
0.938208 0.105039
0.20838 0.123369
-0.129372 0.0794912
-0.0409179 -0.137215
0.0721657 0.156547
0.0706804 -0.157375
0.0924025 0.144564
0.0912783 -0.145245
0.508972 0.125524
0.510651 -0.126282
-0.0865138 -0.138104
0.359345 -0.127879
0.360047 0.123965
-0.134833 0.0604143
1.09445 -0.098441
-0.138683 0.0415815
0.920045 -0.108779
0.91652 0.109347
-0.0632797 -0.138925
0.601786 0.126786
0.602663 -0.126682
-0.0599839 0.138931
0.186864 0.129178
0.18566 -0.129867
0.139261 0.13296
0.138292 -0.133536
0.898093 0.110899
0.841163 -0.115497
0.843902 0.115855
0.337213 0.123613
0.49203 0.128418
0.494012 -0.129555
0.335757 -0.127031
0.755575 0.123098
0.755059 -0.122572
0.899127 -0.113862
-0.146425 -0.024901
0.661309 0.128176
0.661746 -0.127861
1.08497 0.0989792
-0.129428 -0.127236
1.01676 -0.102169
0.313963 0.12194
1.10569 -0.0591144
0.31219 -0.124612
-0.14369 0.0227667
0.698559 0.127177
0.698708 -0.126769
1.05503 -0.105268
0.290987 0.118698
0.28927 -0.120636
0.576946 0.129158
0.578104 -0.129192
0.164474 0.133018
0.163365 -0.133652
-0.13666 0.114955
0.473984 0.131765
0.4763 -0.133442
0.820114 -0.120183
0.822271 0.120729
-0.104891 0.142463
0.0515643 0.164349
0.0497537 -0.165184
0.777526 0.124378
0.776582 -0.123774
0.977118 -0.105971
0.979397 0.111793
1.10749 0.0295929
0.250172 0.128885
-0.151141 -0.000244355
0.248268 -0.130289
0.799931 0.123592
0.798426 -0.122966
1.06482 0.104132
0.457255 -0.136811
0.454696 0.13442
1.1043 0.00651522
0.115187 0.139295
0.114175 -0.139917
0.882323 0.119964
1.11157 -0.0807976
0.878626 -0.120484
1.109 -0.0160809
1.04458 0.107632
0.437498 -0.139864
0.434893 0.136585
0.555178 -0.135215
0.553594 0.134968
-0.124254 -0.145295
0.641705 -0.136096
0.640993 0.136415
-0.150317 -0.121294
1.11085 0.07161
1.10512 0.0929303
1.07505 -0.114556
-0.013597 0.146142
1.02682 0.10769
-0.130974 0.136783
-0.0365379 0.147145
0.719187 0.134124
0.954213 0.118784
0.956279 -0.114944
0.71917 -0.133568
-0.155196 -0.10018
0.41455 0.138439
0.416839 -0.142779
0.224766 -0.137608
-0.142745 0.0947506
0.226658 0.136426
-0.158915 -0.0783361
-0.0282876 -0.153227
0.537816 -0.135064
0.536059 0.134616
1.00683 0.115311
0.393488 0.140029
0.394829 -0.145474
0.680817 -0.138366
0.680419 0.13884
0.0293004 0.166295
0.0275688 -0.166889
0.00629619 -0.160792
0.934796 -0.121808
0.930821 0.124382
0.00583621 0.159807
-0.104343 -0.15754
-0.160842 -0.0562377
-0.0504935 -0.156499
-0.00987915 -0.151659
0.618693 0.143369
0.619764 -0.143093
0.52008 0.139736
0.522278 -0.140491
0.275059 0.133712
0.272698 -0.135805
-0.159937 -0.0376621
0.37146 0.141291
0.371168 -0.147301
-0.0801077 0.154467
1.03388 -0.116247
0.20248 -0.144837
0.204311 0.143791
1.11609 0.0517741
-0.0752816 -0.158618
0.995795 -0.115779
0.7414 0.139209
0.741097 -0.138486
0.857649 -0.128527
0.904974 0.128701
0.861375 0.128903
1.09932 0.114426
-0.144334 -0.142235
0.348157 0.141954
-0.1495 0.0745386
0.913388 -0.128126
0.346233 -0.147446
0.503224 0.140016
0.505657 -0.141116
-0.15448 0.0366938
-0.153522 0.053992
1.11975 -0.039895
0.15497 0.15284
0.153455 -0.153722
-0.154079 0.12878
1.11714 -0.104102
0.323629 0.141234
0.594335 0.148938
0.59586 -0.148781
0.320882 -0.145512
0.178551 -0.150399
0.180235 0.14946
-0.12467 0.16
0.0677137 -0.180166
0.0699371 0.178883
0.298785 0.138425
-0.167874 -0.0198701
0.296038 -0.141475
1.09766 -0.122774
0.83517 -0.135041
0.838318 0.135978
0.0927416 0.16771
0.0910438 -0.168795
0.487276 0.146188
0.490298 -0.147856
0.129967 0.155101
0.128564 -0.155971
-0.164338 0.0218526
0.894353 -0.131339
0.764912 0.142107
0.764167 -0.14121
1.078 0.119437
0.660168 0.149472
0.660898 -0.148956
-0.155221 0.108864
0.813973 0.140559
0.811763 -0.139457
1.12691 0.00839205
0.701556 0.148072
0.701826 -0.147401
1.05291 -0.128953
0.466848 0.149665
0.47036 -0.152158
0.789286 0.142594
1.12688 -0.0622357
0.787909 -0.141547
0.974084 -0.127361
0.969674 0.133272
1.0565 0.123879
-0.0542695 0.164041
-0.16651 -0.135695
-0.134174 -0.165634
0.56822 0.153484
0.570304 -0.153571
0.109432 0.156236
0.10806 -0.157105
1.12084 0.107431
0.0434504 0.185328
0.0404787 -0.186427
0.243269 0.148475
0.240617 -0.150182
0.450543 -0.155729
0.446684 0.152197
1.12336 0.0869773
-0.149098 0.153205
-0.101246 0.168535
0.2607 0.147504
1.01381 -0.123395
0.257808 -0.149603
0.989524 0.129701
1.03113 0.12732
-0.171697 -0.114599
1.1322 0.0376716
1.1225 -0.129797
1.13474 0.0665642
-0.0222869 0.171724
0.430271 -0.159263
0.42635 0.154404
0.881892 0.141057
0.876785 -0.141262
0.947331 0.139132
0.950056 -0.136027
0.639039 -0.158324
0.637872 0.158841
-0.177003 -0.0923175
1.1339 -0.0842171
-0.0150099 -0.169505
0.541628 -0.155639
0.538954 0.155099
-0.177264 0.00267436
-0.0364021 -0.170615
1.07563 -0.139825
0.40551 0.156453
0.408936 -0.163058
-0.164458 0.0911448
0.22471 0.15827
0.221984 -0.159845
0.724724 0.15545
0.72474 -0.154543
-0.180288 -0.0680826
0.923649 0.145211
-0.0587821 -0.180168
0.928067 -0.139988
-0.161034 -0.15769
1.11473 0.130475
0.383823 0.158374
0.385221 -0.167129
1.13458 -0.0190671
-0.0881946 -0.180166
-0.180936 -0.0414863
0.615281 -0.166458
0.613537 0.166907
-0.174209 0.144044
0.360845 0.160212
0.682154 -0.160468
0.358754 -0.169164
0.681501 0.161232
0.280858 0.155163
-0.141646 0.177888
0.277181 -0.158203
1.14201 -0.108177
0.0608755 -0.206078
0.0641047 0.203849
0.507809 0.160138
0.511386 -0.161471
0.196431 -0.167664
0.19894 0.166307
-0.0769977 0.179934
0.00759473 -0.187097
0.0112821 0.187902
0.33541 0.161651
0.17182 0.171856
0.169591 -0.173099
1.0071 0.139297
0.144083 0.174829
0.142099 -0.176053
0.331098 -0.168449
1.02593 -0.142179
0.852843 -0.149888
-0.171297 0.0673822
0.749764 0.160469
0.749355 -0.15929
0.857838 0.151414
0.307925 0.160086
-0.171626 0.0433941
0.996108 -0.140415
0.303519 -0.16472
1.09118 0.136835
1.10036 -0.149546
0.903776 -0.152728
-0.112978 -0.181072
-0.177444 0.114481
-0.119449 0.180698
0.587113 0.173644
0.589602 -0.173387
0.901687 0.149946
0.830911 0.158283
0.8276 -0.15639
0.116918 0.174577
0.115081 -0.175804
-0.191062 -0.0171805
1.14304 -0.0435673
0.984235 0.14864
-0.185351 -0.149242
-0.155908 -0.178574
1.13701 0.123224
0.479764 0.167061
0.484437 -0.169557
1.0702 0.137917
-0.187206 0.026055
0.776228 0.16273
0.775173 -0.161255
-0.16817 0.171281
0.80349 0.162026
0.801497 -0.160271
0.659197 0.173059
0.660349 -0.172241
0.0345865 0.210594
0.0291883 -0.213212
1.14441 0.0961133
0.253956 0.171528
0.24986 -0.174052
0.0932492 -0.197277
0.0956561 0.195482
-0.0493757 0.19176
0.968616 -0.150794
0.963028 0.151375
1.15125 0.0215368
-0.18598 -0.128461
0.463598 -0.169822
0.458601 0.166336
1.05113 -0.155352
1.04938 0.146417
0.705213 0.17138
0.705664 -0.170314
1.14864 -0.00117601
0.558635 0.178825
0.562038 -0.178971
1.14663 -0.0654286
0.438565 0.171804
0.44444 -0.176832
1.1497 -0.135537
-0.194823 -0.108981
-0.100778 0.193251
1.15588 0.0482338
0.942457 0.16157
-0.136059 -0.196439
0.938079 -0.160972
-0.0294646 -0.193527
1.12734 -0.158187
0.417673 0.171025
0.423422 -0.177784
1.13029 0.144728
-0.179586 -0.174146
0.636766 -0.182667
0.634961 0.183486
0.883408 0.167249
-0.200719 -0.0830717
0.873442 -0.164243
1.02585 0.150598
-0.195433 0.162511
-0.0757138 -0.198032
-0.159351 0.198205
0.396897 0.176571
0.40296 -0.186465
1.15847 -0.0841213
-0.20138 0.00577123
-0.189682 0.0866959
0.220989 0.183365
0.217295 -0.185294
-0.101947 -0.205242
1.0758 -0.167403
0.533043 -0.184534
0.5285 0.183658
-0.202904 -0.0564333
0.914647 0.167319
0.731528 0.179176
0.7316 -0.17775
-0.0191188 0.205005
0.374423 0.175852
0.374475 -0.191924
1.10864 0.155594
1.1593 0.0734163
0.18827 -0.19302
0.191499 0.191343
0.288461 0.180003
1.15942 -0.0217483
0.282646 -0.184216
0.351468 0.182348
0.611261 -0.192061
0.608577 0.192791
0.057368 0.231493
0.0536505 -0.235458
-0.20009 0.133547
-0.128347 0.203416
0.161166 0.196553
0.158383 -0.198184
0.344 -0.193391
1.00667 -0.160252
-0.203113 -0.0343146
0.320108 0.184301
-0.0757689 0.207183
1.15675 -0.165605
0.683785 -0.185051
0.68277 0.186238
0.312769 -0.191146
-0.207405 -0.165568
0.129674 0.198192
0.127218 -0.199903
-0.198187 0.0545063
-0.168401 -0.198493
1.15264 0.142091
1.00443 0.163854
1.16958 -0.110791
0.846455 -0.173421
0.851458 0.176784
0.50293 -0.191119
0.496975 0.189014
1.07515 0.162551
0.987056 -0.162785
0.760131 0.183846
0.759594 -0.181996
1.02606 -0.170263
-0.188376 0.191268
1.10238 -0.178844
1.158 0.117928
-0.0558886 -0.203445
0.583526 -0.200083
0.579693 0.200537
0.080751 -0.224064
0.0836933 0.22126
-0.211185 -0.133196
0.820772 0.182658
0.817978 -0.17976
0.790164 0.185026
0.971228 0.173994
0.788718 -0.182679
-0.00604166 -0.219293
0.00734481 0.216366
1.17039 0.0052474
0.891938 -0.17772
0.468444 -0.195063
0.46107 0.190911
-0.215258 -0.0154026
0.913913 -0.177576
-0.203287 0.107933
-0.209751 0.028354
1.17024 -0.0526205
0.658265 0.198679
0.659976 -0.197432
-0.0475022 0.222364
1.17928 -0.140097
0.96576 -0.176821
1.17264 0.0310296
-0.199003 -0.194669
1.17638 0.0968281
1.13745 0.171644
1.0366 0.17569
0.554792 -0.206303
0.549606 0.206171
1.0496 -0.183094
0.0240624 0.238504
0.0184027 -0.244973
1.13153 -0.189252
-0.21747 0.182595
0.709552 0.197731
0.71026 -0.196099
0.242938 0.202177
0.237578 -0.204789
-0.179291 0.219786
0.430548 -0.203691
0.420862 0.195937
-0.102301 0.219286
0.269459 0.197618
0.263091 -0.201117
1.18425 0.0591959
-0.221933 -0.101522
-0.125396 -0.222151
0.902015 0.18754
0.934749 0.192037
-0.0736828 -0.220924
-0.0417748 -0.224414
0.632702 0.210181
0.635324 -0.208911
-0.226919 -0.0704077
-0.153264 -0.223373
-0.223287 0.151749
0.213766 0.210802
0.209165 -0.212964
-0.149424 0.224978
0.378841 0.201869
0.868792 -0.189877
0.874603 0.196288
0.395107 -0.215725
0.52611 -0.213526
0.519223 0.212396
-0.222528 0.0845758
0.935903 -0.192309
-0.224961 -0.0406157
0.997567 -0.185274
0.109762 -0.2264
0.112579 0.223929
-0.231216 -0.186787
0.182249 0.219373
0.178327 -0.221418
0.298215 0.211556
1.07484 -0.197292
-0.22709 0.0104724
-0.186173 -0.223196
0.288947 -0.216725
0.360613 -0.220265
1.17331 0.163363
1.18778 -0.0829742
0.740178 0.205754
-0.209572 0.212562
0.740329 -0.203603
0.3389 0.21036
-0.0139682 0.239671
-0.225889 0.120115
1.1019 0.186563
0.325957 -0.22005
1.18862 -0.171566
0.603846 0.221509
0.60778 -0.220307
0.0860005 -0.255278
0.0888055 0.25153
0.147661 0.223875
0.144416 -0.226032
1.17858 0.130935
-0.0772292 0.236111
-0.237599 -0.154647
1.16327 -0.198344
1.18889 -0.0189239
0.684818 -0.213086
0.683291 0.214875
0.899621 -0.203625
-0.101392 -0.237521
1.00103 0.194385
-0.124665 0.228976
0.773347 0.209467
0.772665 -0.206684
0.0490406 0.263147
0.0464736 -0.269279
0.494701 -0.222542
0.485595 0.219681
-0.234277 0.0451396
0.838107 -0.199709
0.841571 0.204413
0.807451 0.208975
0.805608 -0.205376
1.19957 -0.11324
1.02466 -0.194966
1.10356 -0.210837
1.06697 0.197987
0.570747 0.229812
0.576436 -0.228986
-0.220732 -0.219177
1.16495 0.198416
0.263564 0.223001
0.256002 -0.226341
-0.239565 0.204185
1.20071 0.0210514
-0.0202856 -0.252501
-0.200239 0.242582
-0.244656 -0.123083
1.19769 -0.205945
-0.243335 -0.0160876
0.968309 0.205519
0.447113 0.226382
0.458893 -0.23208
0.657104 0.223697
0.659441 -0.221927
0.235745 0.226954
0.229552 -0.229571
-0.134076 -0.24787
-0.0492365 0.254134
1.20364 0.0848939
0.902794 0.214401
0.966757 -0.208237
1.21076 -0.143164
0.548347 -0.231354
0.541149 0.231367
-0.24755 0.172599
-0.167858 0.248424
1.13508 -0.223053
-0.106459 0.246298
1.04423 -0.21277
0.714779 0.228428
0.715827 -0.226017
1.12895 0.20969
-0.0652747 -0.25667
1.20521 0.114898
-0.252803 -0.0896562
-0.169078 -0.251631
0.405732 0.232948
1.20661 -0.0510059
-0.206039 -0.251283
0.420771 -0.242303
-0.256987 -0.211295
1.20017 0.186348
0.0101398 0.269605
0.00730247 -0.280146
1.03249 0.213234
0.209088 0.24178
-0.136238 0.25044
0.203498 -0.244232
-0.231474 0.234202
-0.25289 0.103925
0.637452 -0.238364
0.633918 0.240355
-0.257676 -0.0504761
-0.252258 0.138549
0.381275 -0.250173
1.20474 0.149869
0.363385 0.239114
1.22331 -0.175469
0.866655 0.226816
0.863108 -0.219768
0.130027 0.25327
0.126633 -0.256124
0.523544 -0.245079
0.513754 0.244108
0.321194 0.243064
0.306402 -0.2485
-0.264979 -0.174644
-0.25784 0.0153676
-0.252412 0.0735101
0.930851 -0.225913
0.34269 -0.250884
0.941736 0.233286
1.00515 -0.22293
0.165816 -0.254533
0.170282 0.252022
1.16916 -0.233889
0.0760348 -0.29345
0.0776617 0.288685
0.75221 0.235301
0.752423 -0.232209
1.09313 0.220977
1.07258 -0.230209
1.22008 0.0588596
0.603482 -0.252789
0.597895 0.254803
-0.0232061 0.271447
1.22153 -0.0854581
-0.2656 -0.143839
0.285605 0.242716
0.27525 -0.246445
-0.244349 -0.24719
1.19263 0.223689
0.992576 0.233328
0.789609 -0.233326
0.790434 0.237304
-0.0816634 0.266993
0.826748 -0.22918
0.828882 0.234389
-0.258657 0.224957
0.680224 -0.251151
0.677773 0.253867
0.475596 0.25497
0.488872 -0.258326
1.22523 -0.0140512
-0.223391 0.265565
-0.107745 -0.271995
1.06159 0.227995
0.249295 0.257136
0.241134 -0.259995
1.15581 0.234676
0.552713 0.263943
0.561517 -0.262541
1.1041 -0.245692
0.0363447 0.298967
0.0372896 -0.306487
1.22783 -0.116247
0.433889 0.263635
-0.271611 0.197398
0.892546 -0.241236
-0.271188 0.0492767
-0.278273 -0.11487
-0.188869 0.274198
0.450453 -0.270672
1.23139 0.0944945
1.23516 -0.212059
-0.0343415 -0.289465
-0.147207 -0.280199
1.20594 -0.243469
-0.228054 -0.282536
-0.187187 -0.283428
-0.284101 -0.240037
-0.276538 -0.0154319
1.22948 0.210724
-0.116074 0.275488
-0.25637 0.25454
1.24247 0.0262652
0.39029 0.270629
0.897144 0.249802
-0.0514987 0.287898
0.964706 -0.245414
0.108403 -0.28242
0.111364 0.278898
-0.152223 0.277894
-0.280058 0.160414
-0.280436 0.0845119
1.23533 0.131894
1.11919 0.244759
1.24534 -0.141567
-0.28286 0.12194
1.03767 -0.247447
1.23451 0.171021
1.13801 -0.259534
0.726211 0.262373
0.727445 -0.258995
0.408595 -0.281756
1.03547 0.249136
-0.286808 -0.0768715
-0.29583 -0.199229
0.345291 0.275775
1.24531 -0.0514358
-0.077537 -0.299695
0.149525 0.289398
0.145086 -0.292388
0.295687 0.278888
0.283454 -0.281138
1.2458 -0.251926
0.203163 0.284505
0.196581 -0.287395
0.639255 -0.274278
0.634731 0.277407
0.321826 -0.276314
0.966436 0.262574
0.359926 -0.290509
0.855249 0.260917
0.852756 -0.253988
-0.0112203 0.305726
0.522472 -0.281896
0.508567 0.281843
-0.301991 -0.151306
-0.2694 -0.278182
-0.00376907 -0.318201
0.0698147 -0.332337
0.0696848 0.327913
1.22104 0.249954
1.0791 0.257782
0.925139 -0.263717
0.769075 -0.26358
0.768864 0.267774
-0.293881 0.0190683
-0.293389 0.233747
1.26169 -0.177614
-0.247084 0.286094
1.1742 -0.272113
1.07017 -0.266458
-0.29167 -0.0435914
0.811399 -0.261838
0.812371 0.267198
0.599316 -0.291538
0.591948 0.295145
1.25703 0.0672484
1.18277 0.260812
0.930026 0.274439
0.464907 0.293801
0.999568 -0.265482
0.483818 -0.297569
-0.0889894 0.301625
-0.120649 -0.309772
1.26142 -0.0971335
-0.21529 0.300986
0.108051 -0.315063
0.110886 0.311595
1.00204 0.274149
1.26664 -0.00980346
0.704968 -0.284309
-0.252445 -0.316271
0.702781 0.288097
-0.310721 -0.272021
1.27588 -0.21693
1.14496 0.269442
0.419872 0.302799
-0.163993 -0.316162
1.21294 -0.283894
-0.208067 -0.318326
1.26005 0.237407
-0.283178 0.281812
-0.307476 0.0580464
1.10433 -0.283227
0.673531 -0.290916
-0.0463797 -0.329521
0.670172 0.294735
0.883568 -0.27932
0.442256 -0.312054
1.26589 0.108901
-0.173275 0.309038
0.0278171 -0.345591
0.022995 0.338604
-0.130218 0.309186
-0.309414 0.187665
-0.317182 -0.103739
1.2669 0.194818
0.373684 0.309312
1.269 0.151615
0.252179 0.30218
-0.315665 0.143634
0.545489 0.309849
0.55803 -0.305526
0.243179 -0.305431
-0.314168 -0.0164976
-0.326455 -0.231605
-0.314913 0.100103
0.886568 0.288164
1.11192 0.274755
-0.0542581 0.327159
0.960169 -0.285211
0.327568 0.31353
1.04427 0.287291
1.03349 -0.285954
1.28423 0.0345384
-0.295777 -0.310408
-0.322646 -0.058278
0.176746 0.318271
0.965577 0.296904
0.17039 -0.321328
0.742711 -0.295571
0.741477 0.299992
0.397191 -0.325032
1.14034 -0.298319
1.24924 0.277835
-0.339697 -0.185751
-0.0905428 -0.340596
-0.330465 0.26918
-0.256329 0.326886
1.28648 -0.138863
0.316557 -0.310919
0.84023 0.298324
0.839142 -0.29139
0.0575571 0.372131
0.0602547 -0.373757
1.25501 -0.295058
1.28923 -0.25904
0.642368 -0.319999
0.637315 0.324799
0.499371 0.323875
1.28977 -0.0505058
0.519863 -0.321975
0.791247 -0.298329
1.2104 0.287982
0.791063 0.303669
0.139421 -0.330193
0.144331 0.327228
-0.335359 0.0237753
0.918586 -0.304048
0.21511 0.330764
0.206629 -0.334306
0.288726 0.317773
1.17798 -0.31257
0.701487 -0.323953
0.279572 -0.320908
0.69883 0.328837
-0.35159 -0.136222
-0.280258 -0.35166
1.30339 -0.179765
-0.333234 -0.302294
-0.136379 -0.349746
0.584174 0.339372
0.592148 -0.333323
0.452513 0.335249
-0.0142233 -0.357994
1.06796 -0.305273
-0.0186552 0.346168
-0.342867 0.21962
1.17019 0.297801
1.2908 0.267746
-0.0996435 0.342645
1.0869 0.298192
1.2971 0.0804179
-0.314415 0.319541
-0.232074 -0.355948
0.922658 0.315005
0.109378 -0.359781
0.112929 0.357403
0.479685 -0.340311
1.3014 -0.305257
-0.183772 -0.355161
0.995488 -0.304899
1.00739 0.314642
-0.201798 0.343418
0.351453 -0.338882
0.404241 0.343826
1.30112 0.222215
-0.150355 0.347945
-0.348307 0.071385
-0.354319 -0.268894
1.1284 0.302526
1.30431 0.127415
-0.351953 0.170344
1.30565 0.174999
1.21796 -0.327133
-0.0576077 -0.371087
1.31946 -0.220042
1.31202 -0.00312677
-0.353913 0.120663
0.00462305 0.380572
0.0176054 -0.384788
0.873048 -0.320257
1.10448 -0.323085
0.355074 0.349056
-0.361166 -0.0842685
1.31292 -0.094871
0.434328 -0.356973
-0.327454 -0.341355
0.261201 0.343964
0.536747 0.354279
0.251501 -0.349226
0.553763 -0.341299
-0.364273 -0.0242516
1.27453 0.31038
-0.294793 0.37234
-0.368158 0.305805
-0.37314 -0.222972
0.171736 0.359428
0.164068 -0.362583
0.874294 0.32961
0.307136 0.350197
1.05388 0.328713
1.26199 -0.341906
0.956952 -0.326498
0.762563 -0.342999
-0.0550206 0.378614
0.76175 0.348351
-0.10424 -0.383576
1.33721 -0.263811
1.23674 0.312263
1.02925 -0.325081
0.822229 0.339505
-0.379871 0.25357
0.822886 -0.333259
0.96461 0.339624
0.303101 -0.358115
0.386945 -0.370143
-0.388385 -0.172463
1.32921 0.0464958
1.14218 -0.338328
0.623041 -0.360467
0.617771 0.366715
-0.312571 -0.389048
-0.376893 -0.318181
1.33353 -0.14121
0.48854 0.36767
0.664415 0.370465
0.668784 -0.364365
-0.236547 0.383108
1.32121 0.303061
-0.352601 0.360301
0.522241 -0.364838
-0.383397 0.034875
1.20063 0.327881
-0.259978 -0.396297
-0.154391 -0.392929
1.33962 -0.045923
0.0400396 0.420181
0.0460347 -0.413686
0.912267 -0.347942
-0.118317 0.390972
-0.391263 0.20225
1.33669 0.254437
-0.206824 -0.397462
-0.400439 -0.119199
0.438616 0.379046
1.1794 -0.35451
1.10267 0.336846
0.225832 0.376149
0.213916 -0.380152
0.090962 -0.406375
0.0954848 0.40798
0.576479 0.384712
-0.0227734 -0.398717
0.577272 -0.38033
1.34078 0.0978724
-0.178009 0.391936
1.06514 -0.346708
1.15233 0.336809
1.34272 -0.182787
0.914821 0.360332
1.3449 0.20292
1.3111 -0.356202
0.476311 -0.388214
-0.394101 0.0904976
0.386086 0.387101
1.01334 0.360093
1.34615 0.150318
0.992786 -0.339932
-0.364647 -0.37579
0.3452 -0.378782
1.35318 -0.314251
-0.397817 0.14738
0.714712 0.374437
0.716273 -0.368114
1.29989 0.344003
-0.410265 -0.0634975
-0.33403 0.416258
-0.409434 0.344378
-0.404368 -0.26554
0.861706 -0.364152
-0.0670557 -0.415974
1.21964 -0.373671
0.14118 0.395423
0.133033 -0.398283
0.332072 0.390063
0.278465 0.386566
1.10605 -0.365501
1.36181 0.00698296
1.36775 -0.21668
0.42413 -0.406001
0.527101 0.399533
-0.273797 0.427133
1.24726 0.356153
0.262568 -0.396703
-0.421339 0.286791
0.859449 0.375404
1.36607 -0.0946371
0.806988 0.380774
0.809739 -0.380992
-0.422247 -0.00570525
-0.0186471 0.427552
-0.424672 -0.212868
0.00874299 -0.418928
1.36579 -0.370084
-0.416902 -0.361508
-0.348972 -0.428935
-0.118805 -0.430879
1.06772 0.374061
-0.0794702 0.434933
-0.424393 0.236688
1.266 -0.392864
0.627095 0.413574
0.186352 0.410623
1.34977 0.3475
-0.39385 0.402488
0.635331 -0.40354
0.961861 -0.375586
0.175634 -0.414227
0.754076 -0.399192
0.757618 0.410221
0.369757 -0.415222
-0.439995 -0.157158
1.0198 -0.366462
-0.292642 -0.439478
0.963491 0.389765
1.37829 0.0625575
-0.2135 0.436291
1.1439 -0.374795
0.31497 -0.411636
1.39158 -0.266285
1.37347 0.293219
0.691494 0.413608
0.694939 -0.409007
0.477504 0.413444
-0.175427 -0.44039
-0.234169 -0.44355
-0.43555 0.0533022
0.527354 -0.416426
-0.146537 0.449391
-0.450603 -0.101157
1.389 -0.155206
1.18501 0.374975
1.12545 0.379547
0.0819455 0.46103
0.072027 -0.44424
0.901112 -0.395647
-0.45002 0.184874
-0.435767 -0.310928
1.3867 0.23651
1.3174 -0.411541
-0.403537 -0.414827
0.423366 0.426472
1.38837 0.119965
0.24246 0.425361
-0.375501 0.46127
1.30481 0.401994
1.39432 -0.038574
-0.453364 0.38559
-0.0237118 -0.443391
1.17383 -0.399338
0.566724 0.434069
1.41123 -0.322516
1.39139 0.178326
-0.44507 0.114798
0.223105 -0.424022
0.0198672 0.471633
-0.462339 -0.0462319
0.0268516 -0.453941
0.904311 0.411642
1.06241 -0.393574
0.139737 0.441543
0.125172 -0.44848
0.851092 -0.405315
0.363636 0.433711
0.470791 -0.44443
1.02216 0.412702
-0.312601 0.473114
0.587979 -0.441563
-0.466547 0.324118
0.302468 0.433395
-0.0411954 0.47915
-0.0745907 -0.467953
-0.460278 -0.258631
0.834198 0.429662
-0.456643 -0.397895
1.21774 -0.425013
-0.387931 -0.469357
-0.250192 0.480981
-0.477216 0.0114131
0.806256 -0.439574
-0.437288 0.446028
1.38407 0.401857
-0.479007 0.25498
0.407158 -0.460872
1.11724 -0.415239
0.517315 0.442355
1.41644 0.021035
1.37423 -0.43073
0.268919 -0.457182
-0.0962238 0.483619
1.42592 -0.210632
-0.330815 -0.484135
-0.480938 -0.199801
-0.136269 -0.484085
1.41282 0.339893
1.08761 0.425369
1.00658 -0.416505
0.73505 -0.453114
0.720125 0.451929
0.0607936 0.516236
-0.462349 -0.35045
-0.194796 0.484652
1.42633 -0.0910019
0.665627 0.46022
0.660675 -0.464536
1.42669 -0.383918
1.22673 0.420204
0.340506 -0.463859
-0.494221 -0.137004
0.942854 -0.43441
-0.267795 -0.494081
1.26716 -0.447563
0.197594 0.46561
-0.200994 -0.492925
0.194588 -0.471872
1.43196 0.083247
0.961163 0.453256
0.607988 0.46433
-0.444363 -0.454382
1.43145 0.277014
1.15573 0.42809
-0.490878 0.0734189
0.530223 -0.478641
-0.495823 -0.0836413
-0.419983 0.50721
0.470741 0.464981
-0.49778 0.429152
1.35098 0.467433
1.45344 -0.268439
0.0713314 -0.498603
-0.501678 0.138474
0.87658 -0.444951
0.77459 0.471822
1.43792 -0.450423
1.44021 0.147375
1.44035 0.212431
-0.492445 -0.310384
1.31913 -0.470499
0.264518 0.47952
-0.144218 0.522845
-0.354204 0.521483
0.404213 0.480008
0.892504 0.460571
-0.0129272 -0.504589
-0.517481 -0.0348941
-0.514608 0.366067
-0.510437 0.198254
1.16407 -0.451504
-0.0029469 0.525382
0.54507 0.499196
0.334161 0.484758
0.136408 0.508348
-0.502255 -0.434347
1.45477 -0.0270557
-0.426569 -0.512937
1.47587 -0.330716
1.45985 -0.148056
1.27207 0.47569
1.05878 -0.449652
-0.286704 0.530728
1.03863 0.472728
-0.482378 0.489204
0.460119 -0.516065
-0.068828 0.531475
1.42728 0.459951
0.597647 -0.505127
-0.521015 0.305553
-0.0880182 -0.528414
-0.218533 0.533316
1.45609 0.393524
-0.371446 -0.519708
0.776821 -0.492914
1.37737 -0.496602
0.138845 -0.505645
-0.522355 -0.251528
-0.508687 -0.370684
1.21471 -0.483835
-0.534511 0.0281522
0.844005 0.496257
0.378047 -0.519437
0.717819 -0.512205
0.711671 0.503141
1.49411 -0.39766
0.304478 -0.518687
0.993037 -0.477884
-0.158752 -0.543412
0.242442 -0.513428
1.11441 0.484136
1.19323 0.483342
-0.314345 -0.552169
-0.543253 -0.1811
1.47638 0.0396147
0.840493 -0.498883
-0.487297 -0.495582
0.635941 0.513995
-0.232254 -0.551319
-0.558869 0.24704
-0.554116 -0.0989307
1.47963 0.325418
-0.535678 0.470394
-0.468916 0.552685
-0.551029 0.0935887
1.49311 -0.207753
1.39698 0.527664
0.917408 -0.494382
0.0346243 -0.56391
1.11047 -0.470728
1.49309 -0.0813965
-0.562449 0.164826
0.216663 0.527926
0.918522 0.511408
1.26689 -0.500333
1.49072 0.109157
0.0360042 0.563276
0.656484 -0.526008
1.31782 0.536681
0.537949 -0.547659
1.49357 0.253923
-0.400524 0.571352
-0.562698 0.416162
0.0943264 0.567384
0.45761 0.527793
1.49684 0.180988
1.44513 -0.522689
0.9876 0.513052
0.188203 -0.539989
-0.541711 -0.475429
-0.470368 -0.55826
1.52205 -0.271294
0.780082 0.538992
0.294348 0.53964
-0.179264 0.589586
-0.103923 0.587284
0.37637 0.541772
-0.533726 0.528309
1.50877 -0.469628
-0.328667 0.5842
1.23616 0.543717
-0.563865 -0.319176
-0.0362944 -0.575454
1.31058 -0.534952
1.47211 0.517468
0.115133 -0.56909
-0.023346 0.590142
-0.580606 -0.0204517
-0.585788 0.334326
1.50054 0.451027
-0.254706 0.590446
-0.395976 -0.578824
1.14936 -0.513535
-0.572914 -0.410695
1.05742 0.547084
1.52095 -0.0111655
1.06201 -0.522558
0.591778 0.575211
0.415293 -0.57811
0.784502 -0.559711
1.54665 -0.339023
-0.108405 -0.594417
1.15191 0.547449
1.5307 -0.141073
0.25617 -0.579253
-0.589724 0.0451436
1.52044 -0.547488
0.612951 -0.571565
0.34098 -0.578764
-0.536425 -0.5365
0.164637 0.578258
-0.592279 -0.239404
1.37597 -0.569073
-0.601206 0.4878
-0.185427 -0.608551
1.52953 0.382242
-0.522684 0.59702
0.881143 -0.560372
0.481756 -0.582833
0.513215 0.569951
0.693905 0.581209
1.44503 0.585566
0.863836 0.564419
-0.264782 -0.61579
1.22184 -0.56376
0.0520269 0.616842
0.969808 -0.548338
-0.61488 -0.159603
0.693513 -0.575819
-0.626892 0.110488
-0.625776 0.199805
1.5676 -0.410855
1.54206 0.0629981
0.961214 0.580261
1.36551 0.598242
-0.453036 0.621537
1.55188 0.30524
0.0629725 -0.618156
1.28215 0.606741
1.55521 0.140889
-0.519068 -0.605869
0.24315 0.595703
-0.607947 -0.498614
-0.627484 0.269791
1.44892 -0.601705
1.5657 -0.205622
-0.335328 -0.61987
-0.632087 -0.0759328
-0.136611 0.649331
0.00798232 -0.617095
1.55908 0.221969
1.56478 -0.068938
-0.590528 0.57109
0.545227 -0.631123
-0.377001 0.639721
1.58609 -0.48734
0.436617 0.610226
1.51208 0.569432
0.331861 0.60761
-0.0699629 0.639706
1.19695 0.611832
1.54758 0.510472
-0.640642 0.407575
-0.216175 0.653559
0.182223 -0.600379
0.792274 0.616506
-0.625269 -0.355353
-0.454725 -0.618008
-0.0503575 -0.643695
0.116994 0.620844
-0.297418 0.650396
0.535352 0.636802
1.11084 0.614039
-0.655589 0.0131875
-0.631503 -0.295059
1.59643 -0.274743
1.12191 -0.587489
1.30092 -0.608227
0.450271 -0.640806
-0.589963 -0.583288
0.627426 0.649499
0.839148 -0.634815
0.380687 -0.630377
-0.665565 0.546504
-0.574394 0.636456
1.56769 0.441777
-0.130674 -0.666184
0.646962 -0.642869
1.0295 -0.608662
0.311286 -0.646409
1.50271 0.639436
-0.674948 0.326167
0.742285 -0.641572
1.5932 0.00859186
1.5294 -0.632378
0.128021 -0.656493
-0.39675 -0.668901
-0.00442933 0.666365
1.03514 0.617297
0.934927 -0.624779
-0.21651 -0.679169
0.181092 0.648786
-0.67687 -0.229401
1.62257 -0.347396
-0.658577 -0.419594
0.886139 0.642571
-0.687012 0.164943
1.60282 -0.56999
1.60647 -0.13339
-0.692058 0.240234
-0.303349 -0.682381
1.41739 0.660533
-0.514199 0.67031
1.37148 -0.649108
-0.690113 -0.132745
0.223676 -0.656755
0.718064 0.670457
1.61862 0.375779
-0.57099 -0.660454
-0.655393 -0.562166
1.33031 0.671747
-0.678777 0.472454
-0.644468 0.628566
1.61423 0.0913589
1.17316 -0.637392
0.0293496 -0.683743
1.24295 0.677788
1.64602 -0.422661
1.62836 0.27157
-0.716808 0.090494
1.59017 0.593613
1.61747 -0.6604
-0.433411 0.69657
1.62638 0.178943
-0.697 -0.0574284
1.23541 -0.642662
-0.0803684 0.70477
1.15474 0.680878
-0.698241 -0.331259
0.27102 0.671374
-0.489717 -0.676525
-0.168474 0.720209
0.0936834 0.692408
0.97814 0.665472
0.370252 0.686291
1.44956 -0.688392
-0.258967 0.720365
-0.34734 0.712888
0.59355 -0.716962
1.64416 -0.204065
-0.698213 -0.500366
0.492985 -0.714464
0.472162 0.700611
1.06632 0.679341
0.571078 0.714707
1.64281 -0.054146
0.810921 0.70093
1.09432 -0.677735
-0.647685 -0.633821
1.66937 -0.502093
-0.0635153 -0.724502
-0.740074 0.406719
-0.731528 0.605058
-0.598844 0.713674
1.63968 0.488741
0.385528 -0.707479
0.65422 0.718071
1.5718 0.700134
0.896176 -0.705452
0.992879 -0.689772
0.693946 -0.719377
0.795176 -0.715851
-0.746053 -0.000990166
1.28874 -0.688663
1.53553 -0.725215
-0.159011 -0.745767
1.67601 -0.279582
0.00266289 0.753513
0.0991209 -0.734604
-0.745895 0.512047
1.69248 -0.589035
0.183716 -0.732127
-0.763571 0.296571
0.280532 -0.725449
1.47621 0.726608
-0.350573 -0.753907
-0.773698 0.182466
-0.254704 -0.755064
-0.628029 -0.707626
-0.731297 -0.592775
1.67261 0.0321683
-0.758392 -0.18311
1.19111 -0.714309
-0.704484 0.696536
-0.747126 -0.419705
0.909105 0.727482
-0.445468 -0.750563
0.197922 0.733409
-0.761092 -0.0911221
1.38091 0.741042
0.729017 0.756081
1.70118 -0.356028
1.2008 0.7495
1.6681 0.668698
1.28935 0.745728
-0.501128 0.754744
-0.751732 -0.264104
1.3632 -0.737526
1.70643 0.324181
1.68909 -0.125254
-0.549244 -0.753065
0.0214571 -0.790848
1.69388 0.124907
1.70521 0.222915
1.10754 0.752524
0.407771 0.771506
0.11077 0.806113
1.68521 0.577322
0.541253 -0.795388
-0.8118 0.0716556
-0.213128 0.793551
0.302514 0.755696
-0.103892 0.798491
0.512037 0.783479
1.00891 0.745605
-0.405931 0.778512
1.62929 -0.759415
-0.708128 -0.693963
-0.309433 0.790231
1.70342 0.415917
1.72768 -0.430816
1.71356 -0.685279
-0.8031 0.67246
-0.673819 0.788512
0.640348 -0.797913
1.04124 -0.747059
0.441578 -0.79452
0.625043 0.79922
1.44714 -0.783424
1.64651 0.771802
-0.7951 -0.334346
-0.786913 -0.507248
-0.0915077 -0.815846
0.959895 -0.773759
0.829689 0.792147
-0.841971 0.362556
0.74465 -0.800287
-0.834316 0.467419
-0.824265 0.572075
1.72956 -0.204415
1.72883 -0.0370904
1.75942 -0.511359
0.853991 -0.792629
1.1088 -0.758064
1.54338 0.799679
0.132907 -0.80929
1.7314 -0.791066
-0.662235 -0.794462
-0.801429 -0.665951
-0.400535 -0.829646
0.340858 -0.799834
0.237692 -0.809657
-0.577107 0.818105
-0.834118 -0.0335641
-0.858696 0.259507
-0.301284 -0.834991
1.76139 0.505275
-0.773164 0.768696
-0.196532 -0.832629
0.00158562 0.851843
1.26866 -0.779079
1.53858 -0.82631
-0.8293 -0.241854
1.76383 0.629355
1.43723 0.8181
1.79044 -0.60384
1.74742 0.738749
1.7604 -0.289374
-0.484285 -0.819061
-0.84072 -0.139277
-0.886181 0.152102
1.33115 0.823036
1.24626 0.810924
0.938909 0.817925
1.76052 0.0599822
-0.844058 -0.423758
1.16048 0.828937
0.229281 0.825186
-0.818714 -0.58284
1.05091 0.830707
0.450462 0.856646
1.78843 0.384911
-0.775802 -0.766147
0.735083 0.855283
1.79162 0.273405
-0.475126 0.849279
1.81841 -0.706777
0.339357 0.845562
1.35192 -0.835511
1.16687 -0.815269
1.7819 0.164252
-0.738293 0.861318
-0.87647 0.74736
1.77255 -0.364842
0.545455 0.857552
0.58659 -0.867583
-0.262156 0.868879
-0.366965 0.865498
1.63739 -0.867236
-0.173887 0.861609
0.491556 -0.88035
1.78074 -0.117247
1.72487 0.84455
-0.91412 0.0383153
1.04913 -0.835024
0.681117 -0.887223
-0.561677 -0.859648
-0.0264816 -0.877579
0.070053 -0.889453
0.0858566 0.897332
-0.648454 0.870397
-0.906713 0.64277
0.396426 -0.869155
-0.930253 0.418551
-0.922717 0.530555
1.81565 -0.42645
1.61961 0.877691
-0.748819 -0.859776
-0.0936345 0.902362
-0.880317 -0.732733
1.44229 -0.886668
-0.924673 0.324706
0.924602 -0.871544
-0.88011 -0.521799
0.802227 -0.887921
-0.898933 -0.324248
-0.840198 0.843607
-0.124946 -0.922681
0.853328 0.894913
0.184799 -0.898447
1.85087 0.702429
0.302561 -0.892307
0.165668 0.887806
-0.357198 -0.916888
0.627501 0.908797
-0.463202 -0.900286
-0.247399 -0.920026
-0.892022 -0.624162
1.82491 -0.0172122
1.50489 0.902729
1.84283 -0.81986
1.82655 0.814054
-0.930924 -0.0805942
1.82489 -0.209634
1.8589 -0.51452
1.86643 0.582227
-0.962121 0.236989
1.74502 -0.906772
-0.562675 0.929755
-0.930168 -0.205467
1.24837 -0.882185
0.979041 0.916503
1.3828 0.91479
-0.661524 -0.917383
1.53799 -0.934998
1.24634 0.90717
-0.851615 -0.846625
1.87875 0.457114
1.10746 0.922572
0.00922807 0.95191
-0.803088 0.941954
-0.93364 0.823083
-0.996788 0.122364
1.89785 -0.614751
0.26015 0.921521
1.85837 0.0932794
0.511716 0.939116
1.85609 -0.320299
0.386235 0.941927
-0.954593 -0.433423
-0.434348 0.946916
-0.00790928 -0.968307
1.79768 0.908462
1.88577 0.332706
1.87894 0.210976
-0.312325 0.957187
1.13347 -0.92191
0.744394 0.980179
1.86331 -0.944125
0.577632 -0.976563
-0.687834 0.952277
-0.194934 0.943394
-0.999307 0.731201
1.34005 -0.943244
1.93239 -0.724636
0.404582 -0.978399
1.64022 -0.98392
-0.791191 -0.971359
-0.971779 -0.80834
-1.01243 0.600778
1.7074 0.954816
-1.02706 0.479704
-1.02497 -0.00291793
0.733876 -0.992378
-0.54796 -0.970801
-0.913212 0.916781
1.00717 -0.956343
1.88471 -0.108817
0.143036 0.987906
0.114681 -0.991535
-1.03013 0.344496
1.93589 0.78535
0.873669 -0.982622
-0.982441 -0.55693
-0.986937 -0.6817
1.96448 -0.844621
-0.200622 -1.00023
1.89855 0.902748
0.89056 1.00718
-0.0980552 1.00534
1.58644 0.991171
0.249767 -0.997891
1.96126 0.662977
-1.03927 -0.305459
1.91706 -0.415386
1.43618 -0.995622
-0.303734 -1.01115
-0.426468 -1.00321
1.97885 0.534613
1.75307 -1.03341
-1.04125 -0.140903
-0.939547 -0.937654
0.602151 1.02094
1.45567 1.01389
1.03009 1.02549
-0.875932 1.01169
-0.104671 -1.04277
1.93354 0.00727979
-1.03617 0.874474
-0.500441 1.02434
-1.07616 0.217305
1.31731 1.02309
1.17431 1.02635
0.0181044 1.0652
1.22742 -0.997108
1.97076 -0.51388
-0.611695 1.04423
1.93537 -0.216391
-0.655586 -1.04502
1.82756 1.02438
0.297821 1.0397
1.5314 -1.04933
1.98814 0.401702
-0.759158 1.06354
0.457813 1.04817
0.0228465 -1.08496
1.96738 0.134574
-1.11713 0.09136
-0.385616 1.05324
1.9936 -0.977868
-1.08121 -0.466388
1.10003 -1.0445
2.014 -0.623444
-1.0749 -0.894178
-0.904166 -1.06854
1.98534 0.267295
-1.09442 0.661794
-0.227296 1.06319
0.80366 1.08421
-0.986209 1.0034
0.488932 -1.11532
0.654798 -1.11399
1.87886 -1.08108
-1.12238 0.556608
2.02107 0.87679
0.69617 1.08949
1.33224 -1.06141
0.960315 -1.08144
1.96386 -0.318363
0.812047 -1.10518
-1.095 -0.753262
-0.518239 -1.09648
-1.14939 -0.0485062
-1.14318 0.425402
2.05464 -0.737007
1.63455 -1.11082
-1.09782 -0.611369
1.97834 1.00498
1.68393 1.08079
0.323237 -1.11663
0.16706 -1.10952
-1.13194 0.765542
2.05302 0.750768
0.165559 1.15041
-0.222826 -1.10337
-0.774922 -1.12017
-1.17224 -0.20219
2.00591 -0.0987776
0.930057 1.14149
-1.04139 -1.03273
-0.097798 1.10431
-1.14676 0.306967
2.07864 0.620395
-0.914205 1.13071
-1.10113 0.984226
1.5427 1.11564
1.09565 1.13853
-0.504997 1.14566
2.01783 -1.12561
-0.36807 -1.12141
2.09802 -0.862926
1.24503 1.14077
-1.19522 -0.364134
1.43119 -1.09713
1.39543 1.13485
2.03457 -0.397324
0.573992 1.15935
1.75451 -1.1727
2.09608 0.481547
1.93116 1.1399
-0.651179 1.1474
-0.0957035 -1.17601
1.20841 -1.12835
2.05678 0.0410763
-1.20365 0.200476
-0.63854 -1.19072
2.137 -1.00758
-1.18597 -0.99066
-0.997943 -1.16438
0.374352 1.18726
-1.18301 0.894305
2.0997 -0.516352
2.07389 -0.241278
-0.0117908 1.18987
0.755019 1.2024
-1.07182 1.10002
-1.21627 -0.524718
2.10034 0.335692
1.50628 -1.17248
2.1131 0.972238
1.06145 -1.18073
-1.25146 0.058775
0.572087 -1.25224
-0.878074 -1.18076
-0.331129 1.18006
2.08784 0.187419
1.79063 1.17618
-1.20383 0.653137
0.742027 -1.24145
1.88876 -1.23163
0.399016 -1.2535
-1.21321 -0.838066
0.905485 -1.21822
0.0619148 -1.22086
2.07416 1.11092
-1.28875 -0.0951547
2.12627 -0.632532
-1.22296 -0.682063
-0.764976 1.21367
-0.16819 1.19658
-1.25139 0.516991
0.227828 -1.24463
2.1433 0.841849
-1.14343 -1.13639
-1.31867 -0.258141
-0.472456 -1.24511
-1.28001 0.346077
1.34815 -1.20589
-1.02922 1.2223
-1.22434 1.04687
1.02882 1.23905
1.61976 -1.25197
1.64427 1.22058
-0.780648 -1.26098
1.1617 1.25753
2.17387 0.71468
2.19037 -0.732399
2.17032 -1.16686
0.0935497 1.30093
-1.27144 0.776161
-0.265127 -1.26721
-0.611351 1.268
1.32149 1.26356
2.14792 -0.073779
2.023 1.25636
1.48582 1.25107
2.03629 -1.28735
-1.34226 -0.426106
2.20478 0.575575
0.902871 1.29315
0.502791 1.281
-1.29925 -1.09972
-1.08717 -1.27703
0.244825 1.2807
2.24579 -0.876635
-0.905978 1.29745
-0.0681118 -1.33583
0.628037 1.2856
-1.17028 1.21007
1.88857 1.26369
1.74993 -1.32606
-0.439034 1.29986
1.17907 -1.27925
2.17935 -0.377249
2.21477 1.06854
2.2218 0.419582
-1.34961 0.18149
-0.931391 -1.28626
-0.0801916 1.32043
2.19452 0.0899226
-1.34097 -0.938038
-0.628892 -1.37352
-1.35626 -0.595479
-1.39947 0.0227041
2.29423 -1.03416
1.01315 -1.33132
2.21895 0.255482
0.481406 -1.3983
2.17995 1.22019
0.663662 -1.39002
2.19746 -1.34024
-1.32855 0.916187
-0.258382 1.31998
0.841542 -1.36795
0.297848 -1.39315
-1.35688 -0.765846
1.47053 -1.31849
2.27053 -0.55214
0.115217 -1.37348
-1.44029 -0.143106
2.24253 0.927106
-1.24635 -1.24878
1.76354 1.32528
-1.34852 0.639779
0.377326 1.35058
-1.07885 1.37114
-1.33451 1.17737
1.89286 -1.39571
0.747545 1.3631
2.24657 -0.205754
-0.416353 -1.41904
-0.742879 1.37262
-1.40821 0.479295
2.33679 -1.20485
1.05071 1.36419
2.252 0.80649
-1.47195 -0.316819
1.22436 1.39841
2.12892 1.38183
0.559357 1.42181
0.213684 1.41367
1.59421 1.3726
1.30671 -1.38255
-0.214084 -1.46792
1.41204 1.39776
1.60051 -1.40993
-0.83118 -1.41081
-1.38984 -1.21157
-1.18992 -1.40216
0.0304916 1.4495
-0.560357 1.42673
2.04811 -1.4627
-1.45553 0.310516
2.30733 0.690302
-1.42891 0.785836
2.34452 -0.731546
-1.37465 1.04285
-1.27675 1.34001
-1.49336 -0.495052
1.93039 1.41837
2.33611 1.16299
2.30629 -0.0273161
-1.01183 -1.41932
-1.48595 -1.06762
-0.899879 1.47196
0.901901 1.44829
-0.363997 1.45696
2.34688 0.524718
-0.0133078 -1.50849
1.13413 -1.44507
-1.50631 0.149786
2.37353 -1.39014
2.40823 -0.889612
2.34773 -0.34928
-0.164589 1.46454
2.29797 1.33682
-1.50358 -0.675838
2.35976 0.342882
1.74078 -1.49295
2.34549 0.15652
-0.545121 -1.53301
-1.50165 -0.861464
-1.36572 -1.36039
-1.55913 -0.0155082
0.954607 -1.49509
2.33824 1.0142
0.378268 -1.55101
0.574382 -1.54881
0.767502 -1.53008
-1.45772 1.29856
2.21717 -1.52821
-1.21372 1.5092
0.182172 -1.53713
-0.718168 -1.55167
1.43936 -1.48651
2.46488 -1.0579
-1.48407 0.948608
-0.373776 -1.62553
-1.60234 -0.194875
0.368609 1.51852
-1.52417 0.625347
2.38943 0.855937
1.72816 1.49783
0.735662 1.52705
-0.70927 1.55588
-1.49711 1.12287
2.24632 1.49031
1.8907 -1.57208
-1.58719 0.435547
1.08078 1.5482
-1.54922 -1.27664
-1.3117 -1.53645
-1.04846 1.54401
-1.63296 -0.381884
2.42079 -0.164693
2.43485 -0.603861
1.31513 1.55845
2.51789 -1.23835
-1.39873 1.47073
-0.150141 -1.65008
1.52646 1.54124
0.167938 1.58124
2.43766 -0.471772
-0.915431 -1.56943
2.09083 1.56542
2.40271 -1.59199
2.47644 1.28098
1.26642 -1.55822
-1.59995 0.269907
-1.11427 -1.56574
-0.490842 1.60548
-0.0457246 1.61552
-1.65093 -0.571466
1.58007 -1.58185
2.05137 -1.6511
-0.26691 1.62395
0.553927 1.62654
-1.61257 0.806611
2.56646 -1.43586
2.41525 1.48069
2.47287 0.661686
2.51472 -0.732919
2.47873 0.0341707
-1.50413 -1.48106
-1.65974 -0.954833
-1.65967 -0.762031
0.890687 1.59375
2.50471 1.05338
-0.58928 -1.69335
0.0520573 -1.68541
-1.56438 1.4248
-0.907623 1.68856
1.08197 -1.62195
-1.33589 1.64919
-1.6725 0.129204
1.8837 1.63473
2.51075 0.243484
2.51067 0.456187
0.886283 -1.6721
0.470729 -1.71726
0.681232 -1.70459
-1.13661 1.67723
0.259506 -1.71014
1.72774 -1.67021
2.5828 -0.902813
-1.65706 -1.12485
-1.73215 -0.0564876
2.5282 -0.322795
2.22682 -1.73163
-0.799267 -1.72685
-1.66826 1.25208
-1.65756 1.01448
-0.263616 -1.78019
2.29435 1.68362
-1.67399 -1.4214
-1.45542 -1.67983
1.40906 -1.66585
-1.77566 -0.25434
1.66549 1.69258
0.339188 1.71713
2.60444 -0.529513
2.60724 -1.65269
-1.75625 0.602981
-1.53691 1.59912
2.64693 -1.07597
0.758254 1.70875
-0.648472 1.76839
-0.0910285 -1.83157
-1.77639 0.323723
1.20385 1.73747
2.62409 1.43552
0.102371 1.77298
1.43877 1.72667
-1.01699 -1.73827
1.88027 -1.75795
-1.80119 -0.456702
-1.23782 -1.72403
-0.440158 -1.83299
0.974321 1.73639
2.42182 -1.81208
2.61365 -0.116449
-0.141396 1.80063
-0.39143 1.79999
2.60341 0.834587
-1.76345 -1.26276
2.7162 -1.2639
2.05598 1.78035
-1.81212 -0.654242
2.54742 1.65287
1.22423 -1.74491
-1.66496 -1.60574
-1.4705 1.80224
2.67601 1.21247
-1.75471 1.50007
-1.82684 -0.850326
-1.82012 0.859676
1.55989 -1.7633
-1.82371 -1.05783
2.04175 -1.85226
2.67165 0.113464
0.561252 1.86617
2.77833 -1.47679
-1.05529 1.83659
-0.660214 -1.88755
-1.25165 1.83324
2.67549 0.605772
1.82599 1.85123
1.02284 -1.81367
0.121682 -1.8737
2.69434 0.356787
-0.847937 1.96376
2.71083 -0.738411
-1.85894 0.103374
0.578781 -1.89229
0.805975 -1.86466
-1.85805 1.09353
0.348378 -1.89478
2.63892 -1.88941
2.46697 1.87837
-1.88458 -1.4758
-1.62261 -1.829
-0.895392 -1.91756
-0.265147 -1.95939
-1.69032 1.74344
-1.92213 -0.106471
2.70846 1.00815
1.71128 -1.85079
2.74164 -0.303891
2.22249 -1.95256
2.7761 1.60707
2.74865 -0.920313
2.83189 -1.7088
1.58462 1.90192
0.831384 1.90283
-1.38759 -1.89705
1.38098 -1.85751
1.0777 1.92736
-1.96077 -0.328412
-1.13835 -1.92188
-1.97839 0.465275
-0.538366 1.99571
2.23151 1.93304
-1.88129 1.30536
1.33223 1.92729
0.0145941 1.98603
0.28109 1.93768
-0.258419 2.00549
-1.99088 0.701816
-1.97192 -0.547654
-1.8445 -1.74138
2.84861 -1.07087
2.70282 1.82789
-0.490691 -2.04983
-1.62362 1.97154
-1.88863 1.68301
2.84889 1.3749
1.85503 -1.94897
-1.95892 -0.734041
2.83743 -0.0544305
2.42893 -2.0528
-0.0441674 -2.03901
-1.98782 -1.21439
2.86559 0.81948
2.00393 2.01109
-1.97841 0.2581
-2.0411 0.935071
2.87847 -1.96067
2.85971 -0.531133
1.18045 -1.94914
-1.12696 2.01837
-1.37755 2.01284
2.93635 -1.28411
-2.04322 -0.934844
2.88944 1.11793
1.54648 -1.95064
-2.08793 -1.66899
-1.79118 -1.94666
2.89147 0.216881
0.469594 2.11059
0.69403 2.06051
-0.747073 -2.10203
2.63259 2.06099
-2.04593 1.48671
2.01043 -2.06918
2.90238 0.503624
1.75673 2.0846
0.201728 -2.07941
-1.86093 1.89945
0.95431 -2.026
2.6612 -2.14824
3.00889 -1.51414
-0.682794 2.21149
-2.07496 1.19002
0.708426 -2.07615
0.453947 -2.09352
-1.00965 -2.1253
2.90742 1.77217
2.38768 2.10802
-2.06961 0.0714962
-1.58725 -2.09769
2.95193 -0.812044
-0.26363 -2.22071
-0.969039 2.22576
0.920251 2.11835
0.200041 2.1741
-1.28039 -2.12478
-2.13314 -0.174327
1.48336 2.12789
-0.396341 2.22497
-2.16344 -1.4092
3.07613 -1.75807
1.69418 -2.01071
-2.15893 0.577207
2.20084 -2.19547
-2.01022 -1.91624
3.0033 -0.268001
-0.094109 2.22616
1.20058 2.14196
2.88152 1.99179
-2.15776 -0.429838
-2.18694 0.767034
-1.80373 2.15394
-2.08634 1.78024
2.17443 2.13358
-2.20649 0.325178
3.02161 1.57485
1.36178 -2.06774
-2.13749 -0.680429
2.91838 -2.23578
-0.569109 -2.29385
-1.53207 2.21235
-1.25364 2.2357
-2.24374 -1.1409
3.08901 -1.06722
1.78784 -2.15007
3.10225 1.29758
0.68625 2.30548
3.13195 0.9914
2.4237 -2.31745
3.09967 0.0316754
0.028365 -2.26706
-2.27279 -1.86326
-1.88645 -2.14431
1.97312 2.28132
-2.31167 0.993577
3.1403 -2.02278
2.8073 2.24939
-2.06699 2.05826
1.13438 -2.18121
3.14406 0.671616
-2.30732 1.32002
0.394422 2.32093
3.1433 -0.533511
3.15138 1.85579
-0.857055 -2.33511
3.17434 -1.31028
-2.34585 -1.60257
-0.797182 2.44987
2.54376 2.30664
3.14012 0.349477
0.298607 -2.30572
1.56645 -2.15025
-0.5427 2.40865
-1.1377 -2.34682
1.66388 2.33265
0.869557 -2.26721
0.583845 -2.30953
1.94981 -2.31306
-2.32245 1.62057
2.67416 -2.43203
-1.41822 -2.3556
-2.31916 -0.861541
2.27092 2.33216
3.20022 -2.31275
0.135654 2.46465
-2.17179 -2.12732
3.25324 -1.5456
-2.31594 0.0219024
-2.01544 2.34839
-1.09969 2.47396
-2.32809 1.92604
-0.257639 2.50298
3.08271 2.18041
-2.42513 -1.34759
-2.42945 0.623502
1.0288 2.37279
1.35722 2.37833
-0.376044 -2.49585
-2.36983 -0.274909
-1.71816 -2.38065
-2.37027 -0.572353
-0.130657 -2.43693
3.3405 -1.79549
2.16457 -2.4653
-1.71736 2.42758
3.26029 -0.820935
3.33512 -0.215878
2.95127 -2.5372
-1.41009 2.46806
1.35737 -2.31357
3.33982 1.53758
-2.46712 -2.07516
-2.03327 -2.39223
3.40888 0.853613
-0.680195 -2.55673
3.37857 1.18523
-2.30239 2.23397
2.9812 2.47055
-2.51822 1.18039
0.48055 2.55133
-2.51869 -1.07398
3.42413 -2.07318
1.64613 -2.40468
3.37779 2.10037
-2.54656 -1.78428
-2.56713 1.44145
3.41267 0.510052
1.83625 2.5161
3.38769 0.161986
-2.51168 0.25527
0.105593 -2.5176
2.40718 -2.60877
3.35986 -1.10351
2.71643 2.48208
1.07825 -2.45905
-0.996873 -2.5828
-0.575829 2.65438
2.09877 2.55685
-1.26056 -2.55372
-2.57271 -1.53742
-0.907807 2.72454
-2.62005 0.931628
0.414843 -2.56359
0.814319 2.60562
-2.35298 -2.36784
-2.5962 1.76068
2.44161 2.60386
3.25541 -2.63091
1.57121 2.60687
-2.25728 2.54928
-2.59036 2.09378
3.44674 -0.551784
0.753827 -2.54678
3.39585 -1.34572
-1.52015 -2.62586
-0.0299088 2.70924
3.29213 2.41054
-2.5973 -0.764412
1.88358 -2.5902
-1.25455 2.73796
2.67787 -2.7431
1.19105 2.68797
-0.148893 -2.68075
3.44409 1.82868
3.50729 -2.37591
-2.60237 -0.0733678
-1.93985 2.66012
-2.70053 -1.31773
3.52063 -1.54877
-0.46399 -2.78312
-2.63662 -0.42232
-1.85676 -2.66387
-2.69909 0.449499
-2.20517 -2.66509
-2.67674 -2.31267
-1.59722 2.7172
0.257727 2.77
-2.5522 2.41934
1.35228 -2.61374
3.17967 2.71996
-0.296578 2.83437
-2.73776 0.681386
2.11648 -2.76369
3.60622 1.36322
3.67968 1.06495
3.62505 -1.82373
3.58852 -2.7108
3.61464 2.32982
2.97629 -2.86735
-2.78299 1.20857
3.56819 -0.856036
3.64716 -0.0298698
-2.77343 -1.99133
3.70392 0.696176
-0.816417 -2.84662
0.594473 2.84331
3.61489 -0.320903
3.68888 0.326123
2.80316 2.77701
1.86945 2.80187
-2.82136 -1.00942
3.67101 1.6535
-2.87335 1.54944
-2.84 -1.63192
-2.55456 -2.63055
-2.8147 0.180692
1.61923 -2.6966
2.19505 2.80388
-1.22569 -2.8547
3.72738 -2.10775
0.169155 -2.84779
3.67754 1.993
-2.49756 2.70116
-2.8673 2.28966
-2.89349 1.92298
0.902717 2.87454
0.0129416 2.97585
2.38034 -2.92829
3.30374 -2.98051
-0.64884 3.00646
0.997522 -2.82659
-1.06571 3.02386
3.51153 2.65799
3.66865 -1.21938
0.575117 -2.84959
1.50434 2.92411
-1.63469 -2.94315
-2.93857 0.894657
-2.91386 -0.646468
-1.44129 3.01766
-2.23214 2.92452
3.84355 -2.41947
3.75593 -0.562247
-2.40301 -2.95994
-2.02053 -2.97276
-2.89831 -2.56691
1.79937 -2.89348
-1.81466 2.98739
-3.0007 0.501537
-0.197843 -2.99955
-2.79545 2.63855
2.67202 -3.08269
-2.96326 -0.20396
2.45562 2.96508
0.353262 3.07792
3.39283 2.93938
1.15446 3.05466
-3.01959 -1.30381
-0.562901 -3.11592
3.8657 2.59385
-3.00452 -2.24081
3.83715 -1.56166
3.6626 -3.08126
3.88728 -0.244066
1.41012 -2.97651
3.95987 1.37232
3.96656 0.113716
3.09091 3.06009
-0.277193 3.15884
4.01289 0.504016
-3.17964 1.24445
4.01825 0.916734
-2.78062 -2.90779
-0.964942 -3.18347
0.757248 3.1826
2.05767 -3.09202
-3.09732 -1.89996
3.95358 -2.77594
2.99172 -3.22785
2.10442 3.09013
-3.21998 1.70798
-2.64801 2.96666
-3.15809 2.52716
3.95848 2.21903
3.89679 -1.85471
-3.21293 2.12532
-3.17378 -0.949888
3.99551 1.82284
3.91474 -0.87701
1.76919 3.11411
3.71844 2.95
0.37515 -3.14913
2.749 3.13328
-1.37895 -3.24393
-3.10986 0.149634
-1.26419 3.329
0.737689 -3.15813
-0.872663 3.32625
-3.16185 -1.58617
4.06329 -2.0989
-1.79733 -3.29516
0.0589634 -3.16887
3.34247 -3.36341
2.34451 -3.27579
4.0547 -3.16828
-2.63002 -3.27423
-3.15474 -2.81617
-1.64621 3.30735
-3.31008 0.791258
1.46588 3.27942
0.0719651 3.30689
-2.21578 -3.30684
-3.28783 -0.53087
-3.0475 2.91729
-2.02623 3.29238
-0.541439 3.3235
1.07081 -3.17534
3.45805 3.30498
4.12829 2.90366
4.0803 -1.24146
-3.2082 -2.49098
4.2166 -2.44696
1.70322 -3.23657
4.10074 -0.522622
-0.237952 -3.39689
3.72735 -3.48743
-2.43652 3.30623
0.425288 3.3912
2.65523 -3.45064
2.43365 3.37961
-0.692274 -3.4826
1.10204 3.38056
-3.41472 -1.32747
-3.03156 -3.19684
-3.39464 0.354355
4.2355 -0.141909
4.32486 0.267863
-3.37575 -0.090332
-3.47143 2.81095
-3.36397 -2.1807
-2.87587 3.30363
4.25731 2.49815
-1.1069 -3.55447
-3.57582 1.47153
4.3669 1.62326
4.37829 1.15862
4.35056 -2.82817
1.89716 3.4746
-3.58565 1.92223
-3.55355 2.37012
4.37224 0.702534
4.2277 -1.68089
-0.258555 3.50755
2.95568 3.48164
-3.55778 1.07479
4.33582 2.07265
3.94755 3.29512
1.32271 -3.386
-3.43248 -1.76727
1.99597 -3.44921
2.99469 -3.61988
0.187176 -3.44695
-1.53528 -3.63059
-3.58186 -0.883473
0.522251 -3.41784
-2.89287 -3.60713
-3.3875 -3.08391
0.883243 -3.52392
4.14832 -3.5973
-1.48998 3.6417
4.31121 -0.859166
0.766459 3.65828
-1.9879 -3.67203
-3.3346 3.24713
-2.44379 -3.66542
-1.06445 3.65528
-1.83586 3.57231
-0.647098 3.61918
4.4061 3.25494
4.48063 -3.23852
-3.79054 0.667288
-2.18731 3.65112
3.3692 -3.78138
-3.61138 -2.64892
0.177258 3.7321
2.29971 -3.64722
1.3635 3.72887
3.7521 3.68816
4.46321 -2.08298
-3.7169 -0.415961
-3.33154 -3.4904
-2.64556 3.69234
-3.81471 3.13824
-3.14008 3.68424
1.62829 -3.61588
4.49627 -0.450529
2.25187 3.75087
4.21432 3.66298
-0.841441 -3.82023
-3.78211 0.0973911
4.56789 2.82468
-0.432799 -3.82177
3.33977 3.71433
4.51833 -1.24963
2.61355 3.75848
3.78163 -3.93116
4.62043 -2.47566
-3.9351 1.18925
-3.92028 2.65518
4.63376 -0.015573
-3.72899 -1.57439
4.75009 1.89836
-1.21938 -3.96404
2.62278 -3.84624
4.77805 1.41202
-3.97448 2.16792
4.60776 -3.69006
-3.97959 1.67774
-3.79943 -1.22959
-0.02152 -3.73775
4.7248 0.443933
4.6822 2.37071
-3.82182 -2.03542
4.77106 0.922808
-3.19696 -3.96418
-3.79919 -3.26626
-0.332452 3.90636
1.23702 -3.78077
4.68153 3.63545
0.428039 -3.80585
-1.70998 -4.05272
4.77219 -2.86297
4.23278 -4.06684
-3.65651 3.61969
1.88474 3.97792
-2.7103 -4.05095
-2.21257 -4.08072
1.93699 -3.82166
2.98124 -4.04614
-1.82544 3.96582
0.539259 4.12812
-4.09655 -0.851924
0.998608 4.06632
2.99567 4.01554
4.72939 -1.67585
-1.29883 4.0181
-0.809517 3.99678
4.75251 -0.812847
-4.23933 0.303106
4.01376 4.06835
-2.34945 4.07284
4.94487 -3.28337
-3.66929 -3.82308
4.47535 4.02844
-4.17762 -0.244303
2.42445 4.16166
-4.31857 0.846851
-4.18916 3.50597
-2.8799 4.13021
3.53008 4.07649
-3.44481 4.10585
4.88866 3.20137
3.38271 -4.23722
2.23739 -4.03403
0.862884 -3.93542
0.0296278 4.22847
4.72454 -4.18817
-4.17291 -1.51437
-4.06944 -2.45901
4.91656 -2.11891
-4.31649 2.98099
1.42489 4.26531
-0.748191 -4.27641
-4.07446 -2.8581
4.9393 -0.350575
-0.048237 -4.21332
-4.39313 2.45139
1.56995 -4.0139
-4.3926 1.38388
5.13846 2.2123
5.19392 1.69604
5.03763 2.71401
4.87018 3.98594
5.11026 -3.7649
-4.41821 1.91802
-1.3631 -4.44859
-3.54407 -4.34808
3.82468 -4.41426
-4.09027 -3.69056
5.00366 -1.22669
5.07722 0.137663
5.20333 1.1707
-4.01383 4.02942
4.99777 -2.51321
2.56335 -4.27431
5.16509 0.647486
-3.02084 -4.4649
-1.92849 -4.51999
0.896785 4.5518
-2.48093 -4.52331
-0.483953 4.3554
-4.36683 -2.10493
1.15347 -4.20202
4.30518 -4.57803
0.613533 -4.35864
1.94067 4.48472
4.75807 4.35961
-4.63813 -0.0439097
-4.5955 -0.565108
0.36609 4.53327
-4.41864 -3.26775
5.22433 3.67118
5.23304 -2.83806
-1.57234 4.42135
-4.73345 0.482659
2.82363 4.44088
1.88656 -4.16277
-4.04267 -4.17789
2.9501 -4.51323
-2.03827 4.38017
3.2723 4.4691
-1.02652 4.42673
-4.59208 3.91123
4.30304 4.44943
-3.79495 4.5586
5.26017 -4.29624
-2.51506 4.61372
-3.17967 4.60794
5.24089 -1.69519
-4.63193 -1.11946
-4.46745 -2.64843
3.7971 4.49643
5.24057 -0.739882
-4.74123 3.34832
-4.82601 1.04097
4.82641 -4.73139
5.45944 -3.30477
5.4054 3.10144
3.38523 -4.73325
-4.84264 2.77659
-0.0872159 4.71716
5.20179 4.22732
2.11102 -4.44536
-3.94226 -4.75227
-4.51412 -3.91663
2.45223 4.69908
-0.969371 -4.88909
1.46084 4.78189
5.53526 2.56845
-4.89084 2.19734
-4.88408 1.61615
-0.35041 -4.77523
-4.4029 4.46968
5.62458 2.02236
-4.76233 -1.6905
5.44123 -2.2698
-1.58965 -4.98882
1.57545 -4.49268
-3.38052 -4.90531
5.42933 -0.222158
5.66248 1.45764
5.65914 -3.82572
3.85667 -4.93585
5.64307 0.88623
0.182236 -4.7124
-2.79863 -4.99764
-2.20008 -5.02622
5.5648 0.322347
5.39364 -4.87547
-4.96849 -0.341435
0.452004 5.04202
2.47417 -4.7548
5.53343 -1.18602
1.06306 -4.62325
-4.48639 -4.53492
5.06445 4.70512
-5.11957 0.0887288
2.9661 4.85459
-0.674742 4.85808
-1.92437 4.82545
-5.01595 4.34987
-4.18195 5.0326
-5.06368 -0.800391
-4.90346 -2.28472
4.62078 4.75121
-3.54182 5.10288
-4.96702 -2.91707
1.99076 5.0203
4.36229 -5.12923
-2.89587 5.13369
5.84207 -4.39073
1.03339 5.04646
3.51116 4.92373
-1.31541 4.91097
-5.26569 0.645914
5.70505 4.04589
-5.18867 3.75807
-5.01036 -3.57615
5.80421 3.49119
4.14103 4.98293
0.658851 -5.01078
2.91095 -5.02823
5.77588 -2.79338
-5.1021 -1.30267
-4.39556 -5.17732
-5.02946 -4.25024
-5.3203 3.14849
-5.36906 1.2555
5.57535 4.58603
4.90892 -5.31963
0.0448776 -5.19996
-4.81538 4.93269
5.81347 -1.69312
5.9321 2.95596
5.77763 -0.640705
-0.552288 -5.35708
-5.39821 2.52202
1.92765 -4.94641
-3.79418 -5.36835
-5.41501 1.88681
3.38361 -5.26614
-2.33096 5.14339
6.02668 -3.32227
-0.210679 5.28724
-1.19867 -5.48729
6.06411 2.39967
1.47425 5.32194
2.55986 5.22811
-1.86291 -5.56206
1.31733 -5.04622
-5.39669 -1.82252
-3.1706 -5.50028
6.01294 -5.00693
6.14461 1.79641
-2.52445 -5.56646
-4.98684 -4.93211
6.15698 1.17147
5.96841 -0.0620808
-5.43028 -0.397023
-5.44917 4.8136
-4.59442 5.51906
5.3903 5.04535
6.09737 0.545952
3.8765 -5.49056
5.50745 -5.50726
0.88095 5.53479
6.24991 -3.87461
-5.45901 -2.52791
-3.93684 5.61115
-5.54042 -3.19786
4.82598 5.25003
6.10178 -2.23574
3.16775 5.36038
2.38101 -5.31461
-0.921231 5.45221
-3.25526 5.67217
-5.68859 0.172151
-5.64619 4.20982
-5.65828 -1.08738
6.14306 4.44829
-1.76831 5.48256
6.11557 -1.12009
6.26773 3.84169
3.71135 5.37075
-5.58868 -3.90533
-2.54579 5.66135
0.425128 -5.54851
-4.89356 -5.62519
-5.58597 -4.63242
4.39766 -5.71736
0.284334 5.62478
2.05031 5.60337
-5.86586 0.820614
-5.81778 3.57402
-5.24404 5.40936
6.27818 3.32314
6.47127 -4.46497
6.16811 -5.68563
5.93228 5.03307
0.975323 -5.57961
2.89083 -5.58153
-0.0824044 -5.79183
-4.26222 -5.84785
-5.96648 1.50776
-5.93751 2.90267
6.38493 -2.78873
1.70879 -5.61765
4.96364 -5.95582
-5.98953 2.20846
-0.743375 -5.99715
6.49397 2.84563
-3.60316 -6.02564
6.43839 -1.65123
-5.52521 -5.36769
-1.45856 -6.1294
6.69103 -5.11792
6.36876 -0.514051
4.20259 5.62736
-5.89136 -2.18681
-2.18991 -6.17514
-0.315227 6.03079
-5.88298 5.2822
-5.02322 6.0159
3.38077 -5.82253
-2.90938 -6.13849
1.42487 5.9437
5.54019 5.64263
6.6432 2.20444
6.62297 -3.34561
2.72343 5.82607
-6.00315 -1.68446
-4.35946 6.11252
5.59504 -6.20022
6.70561 1.51933
-6.05582 -2.76071
6.58254 4.91474
6.56231 0.135378
6.67817 0.820801
-6.08888 4.6952
-6.09008 -0.426403
-3.68129 6.22789
0.614795 6.23023
-6.16127 -3.499
-1.239 6.14519
3.8772 -6.06857
3.52379 5.95188
-5.41208 -6.09504
-6.18041 -5.06074
6.77958 4.25758
-6.20343 -4.2725
0.538809 -6.15649
-2.92277 6.29666
-5.69527 5.89204
6.87028 -3.89789
2.3758 -5.95253
-2.09464 6.24062
-6.36897 0.287079
-6.31776 4.06344
6.74699 -2.21739
4.80486 5.9824
6.88178 3.47501
6.89773 -5.84691
6.34542 5.54954
-4.77403 -6.32598
6.75091 -1.03519
-6.54625 1.04082
1.21248 -6.0923
4.39664 -6.33815
-6.50026 3.35437
2.12188 6.27702
-6.52875 -1.18927
6.30205 -6.43627
-6.62298 1.82052
-0.193194 -6.48892
7.15556 -4.50203
-6.08999 -5.85365
-6.60566 2.59877
-4.10442 -6.56172
2.91458 -6.0994
-6.36604 5.72402
-5.469 6.5291
-6.54519 -2.14174
-0.958866 -6.7275
-3.36677 -6.73637
4.97543 -6.65181
-1.78086 -6.82791
-2.58735 -6.82774
7.02575 -2.81722
6.09542 6.26455
-4.77195 6.63408
6.98543 5.38343
-0.733009 6.77887
7.15136 2.70946
4.19433 6.21606
7.08582 -6.65612
7.02589 -0.362083
1.7793 -6.3844
-6.45311 5.15771
0.000565523 6.69945
7.09018 -1.60542
7.43635 -5.20262
3.34328 -6.42436
1.40259 6.69387
-4.1424 6.66825
2.9074 6.53033
-5.91818 -6.65135
-6.81356 -5.54153
-1.59702 6.88848
7.28678 1.95148
-6.74069 -3.01176
7.29207 4.80514
-6.84075 -3.84297
5.36696 6.35957
-6.86483 -4.68845
5.6529 -6.966
-6.18339 6.39181
7.2229 0.382427
7.17151 -3.37238
7.31126 1.16799
-6.78507 4.64137
-2.48875 6.97174
-3.46379 7.00824
-6.87441 -0.355827
1.06893 -6.71903
-5.26836 -6.73931
7.70071 -5.98622
3.86959 -6.61529
6.91841 6.04675
7.49397 4.05068
-7.15919 0.45796
-7.07218 3.90049
0.380968 -6.87064
2.58538 -6.71185
0.623877 7.0854
3.74512 6.72295
6.41223 -7.2663
7.54275 -3.82773
-6.69021 -6.39645
4.68285 6.78778
-7.30517 1.33776
6.68608 6.866
-7.25601 -1.67709
-4.6975 -7.08205
-6.83778 6.1756
-5.93426 7.12185
7.42959 -2.20543
-7.25736 3.07893
-7.33541 2.21734
4.29745 -7.01868
2.21522 7.06184
7.45392 -0.958421
-0.278238 -7.38818
7.69015 3.28768
-3.91378 -7.35017
-0.187142 7.37388
-5.20203 7.12013
-3.07041 -7.5143
7.60566 6.61401
-7.14358 5.44414
-1.28187 -7.53353
-2.19197 -7.57534
7.91549 -4.50213
-7.284 -0.961671
-1.05745 7.5384
-7.34801 -2.48631
7.77329 5.59133
5.69663 7.11111
7.94918 -6.85482
-7.48426 -6.07714
-6.51023 -7.27824
4.94818 -7.43274
-4.42992 7.36033
-6.79678 6.90876
-7.57407 -5.16236
1.73358 -7.20807
-1.96453 7.65933
7.78801 -2.97327
-7.58019 -4.24221
7.25282 -7.55173
7.78295 -0.183585
7.89768 2.48654
-7.49848 -3.33871
1.41006 7.56454
3.10427 7.33695
3.43594 -7.22485
-5.53674 -7.53678
8.25333 -5.26326
-2.88371 7.7403
7.70843 -1.56471
0.781312 -7.59861
7.32598 7.51669
7.99713 1.61668
8.11989 4.62251
7.9627 0.714122
5.6858 -7.81186
-7.63868 4.58368
-7.82629 -0.313385
-7.32628 -6.96594
4.04421 7.50719
-6.55106 7.82572
-7.70042 6.40896
8.18002 -7.81666
-7.94358 -1.27947
-8.04608 0.739682
8.57976 -6.09841
-7.89614 -2.00913
8.18366 3.8472
-7.94071 3.67531
0.500272 7.95204
-8.13325 1.73875
-8.09924 2.7191
2.52358 -7.68478
-3.69014 7.79578
6.45473 7.63189
6.49554 -8.18143
-5.40163 7.9569
-4.58118 -7.97421
4.90852 7.60414
8.34744 -3.71924
8.31583 7.31051
-0.456682 8.19217
-3.65267 -8.23094
4.16238 -7.84903
2.33672 7.96594
-8.17909 -6.67823
-7.15171 -7.74534
8.20601 -2.05437
8.35124 -1.00009
-0.745494 -8.2991
-8.15987 -2.74033
8.89613 -7.02699
-2.69703 -8.36571
-7.57515 7.52901
8.59495 6.34203
-1.40362 8.34149
-1.7189 -8.38418
8.51647 3.14996
-8.32597 -5.70622
7.39594 -8.54289
-8.38047 -4.70805
0.0890743 -8.19849
-6.43815 -8.36357
8.75116 -4.49983
1.67451 -8.14678
-8.32861 -3.7051
-2.35226 8.47952
4.91854 -8.3015
-8.22815 5.41548
8.87503 5.31292
3.365 8.22889
7.98523 8.2623
5.66005 8.25204
-4.33144 8.34191
-7.94446 -7.60809
8.6664 0.121032
1.37607 8.62849
-3.33758 8.53092
8.72856 2.19842
-7.35808 8.59311
-8.6003 7.16772
3.27697 -8.26813
6.8886 8.40561
9.13243 -5.29416
4.44442 8.35584
8.78041 1.17752
8.78078 -2.8168
-5.33954 -8.66097
5.69077 -8.72832
-8.7819 -1.86453
-8.86261 0.0519882
-8.62874 -0.85651
9.19438 -8.05414
9.08387 4.1184
-8.66934 4.42126
-6.24171 8.84575
0.817846 -8.65731
-9.00316 1.1553
8.39391 -8.87885
-8.91707 3.34226
-9.02329 2.25393
0.232763 8.87024
9.03114 8.03266
-8.88985 -7.36368
-7.54025 -8.50163
-8.72702 6.22101
9.54514 -6.1711
9.33297 7.08581
9.16552 -1.76637
-4.33984 -8.98123
2.44501 -8.54737
-8.44881 8.26995
6.5391 -9.19516
-0.82489 9.08078
-9.10778 -6.33526
2.54027 8.97344
-0.116319 -9.0494
-3.3034 -9.19948
-9.11575 -3.03683
-5.1187 9.08505
-1.14999 -9.24185
-2.2314 -9.29107
9.48234 -9.17744
4.10303 -8.84972
-9.23571 -5.26415
9.29802 -3.69701
-1.76383 9.10307
9.64856 6.12776
9.45911 -0.595401
-9.24528 -4.15863
9.92893 -7.17521
8.68483 8.8774
-8.58216 -8.38128
-6.00958 -9.3522
9.49873 2.95496
7.51785 -9.64324
-8.24346 9.39783
3.70703 9.23049
-9.54221 7.87638
-9.49735 5.41131
-2.75699 9.50626
1.75885 -9.18367
-4.00736 9.32552
4.96568 9.30677
6.24039 9.34019
4.9264 -9.14156
7.64602 9.42254
9.55419 -4.52599
10.0123 5.06637
-9.61579 6.70025
0.876916 9.50036
-6.97748 -9.46018
-9.73998 -0.881722
9.6471 0.611472
-7.09262 9.69107
3.00056 -9.45371
10.2875 -8.26007
1.72795 9.57454
9.66521 1.79997
-5.12718 -9.75304
8.59673 -10.0499
9.86927 -2.69157
-9.63625 -8.11484
-8.14837 -9.44078
-9.804 4.09524
10.1279 7.80898
-9.94494 0.461544
9.72222 8.84282
5.58424 -9.74522
-9.38081 9.05558
10.1074 -5.21103
-9.97768 2.88269
-10.0225 1.67811
-5.92963 9.92421
-10.0029 -2.24961
0.734769 -9.76722
-0.0781299 9.87096
-9.89328 -7.05134
10.3145 -1.44118
-4.02734 -10.0669
10.262 6.88419
10.3621 3.866
-10.1283 -5.93514
2.71846 10.2118
-1.48036 10.111
-10.1862 -3.49927
-4.7998 10.1185
6.55511 -10.339
10.625 -6.22758
-0.428287 -10.1337
-2.86132 -10.2614
-1.64431 -10.2954
-9.33611 -9.24685
9.02476 9.82082
-10.2336 -4.73064
-9.17647 10.2164
-10.5517 8.67112
10.6566 -9.42781
9.76879 -10.4054
5.53123 10.354
4.19466 10.3038
4.34085 -10.0878
-6.16309 -10.5185
-3.69802 10.3738
10.7976 6.06671
10.4774 -3.93079
-10.6725 6.13068
6.73296 10.2945
10.5964 -0.0990388
-10.6652 7.39295
1.89338 -10.5307
1.12132 10.5599
-8.0107 10.5611
11.0266 -7.32025
7.63108 -10.8646
-10.7767 4.89207
10.6208 2.59137
-7.56444 -10.5767
-11.0042 -1.47321
11.0132 8.67582
-10.537 -8.86114
-8.89047 -10.4686
11.0368 -10.7063
-10.9696 -0.245485
-10.331 9.90148
10.4355 9.83476
10.7008 1.26199
-6.77638 10.8255
11.2911 4.89898
-10.5824 -7.77273
-10.9978 3.61759
-2.65797 10.6248
-4.87842 -10.9353
8.79106 -11.3413
-11.2006 -2.74098
11.1699 -2.49903
-11.0854 1.00571
11.439 -8.41593
7.94473 10.9498
-11.1144 2.30359
-5.55056 10.9813
11.3901 7.32533
3.19779 -10.7116
5.45944 -10.9873
-11.0199 -6.77398
0.497211 -11.0503
-0.397887 11.1072
-10.2243 -10.2041
11.3067 -5.12152
3.48252 11.2449
-10.0502 10.9462
-11.6053 9.59856
-11.3289 -4.07362
-4.49502 11.0239
9.69948 10.9923
-3.64583 -11.2706
10.0536 -11.7414
-11.2855 -5.44417
4.74936 11.4732
-2.30503 -11.4461
11.929 -9.61256
-0.87714 -11.4002
11.616 -0.997431
11.6512 3.55998
2.24314 11.5963
6.28877 11.4028
6.60458 -11.608
-11.7953 8.20114
-11.6669 5.60853
-11.8243 6.77698
-9.05065 11.4365
11.8345 -6.37328
-6.887 -11.8106
-1.88391 11.4888
11.8934 9.75057
-3.47102 11.6471
-11.6164 -9.76527
-11.9049 -0.829268
-9.75069 -11.5805
-8.3194 -11.755
4.12374 -11.7316
2.63831 -11.7575
-11.2306 10.9207
11.8289 0.564102
-5.69406 -11.7366
12.1676 6.09077
-12.219 -1.89248
11.2466 10.9215
-12.0332 4.48615
-7.73069 11.7999
7.72633 -12.2167
11.8336 2.1009
1.43957 -11.7945
12.0295 -3.77302
-11.829 -8.05294
-12.1509 0.241231
12.0458 -7.47797
11.4035 -12.0814
0.751133 12.0614
12.4968 8.48695
-6.34807 11.9964
12.4132 -10.9789
-12.2928 3.04199
-12.4726 -3.25468
8.93235 12.2612
-12.3227 1.59118
-11.2164 -11.2938
-4.95674 12.0011
-4.60756 -12.2646
12.7432 4.73839
-10.4686 12.2558
8.97448 -12.7808
-12.7174 10.7021
7.27182 12.45
3.49777 12.6395
10.6001 12.1622
12.6912 -8.40629
12.7047 -2.16232
5.55461 -12.4198
-12.4061 -6.37707
-12.603 -4.76582
0.232849 -12.6776
-0.820975 12.5545
-13.0149 9.19426
12.827 -12.4301
5.48882 12.8931
-3.18774 -12.6497
12.7636 -5.2182
12.602 10.7971
-13.1196 7.57213
-13.0366 5.75507
-1.6043 -12.8005
12.8506 7.25702
10.3512 -13.1427
-12.7625 -10.9133
-10.6784 -12.7877
1.87943 12.8622
-7.64782 -13.1206
1.94436 -12.959
-9.17544 -12.9678
13.0453 3.1599
-2.47718 12.8919
13.0729 -0.349045
-12.2192 12.1198
3.24004 -12.8215
13.3401 -9.74915
6.7064 -12.8299
-5.93128 -13.1522
-8.87395 12.8396
-13.19 -0.77718
12.239 11.989
13.1436 1.46492
-13.1312 -9.25882
13.2391 -6.88044
13.5559 9.78351
11.7427 -13.4974
-13.5514 -2.27848
-4.12988 13.1291
8.1939 13.5508
-13.4392 3.99913
-7.32934 13.1409
-12.267 -12.5062
4.44379 -13.3421
-13.4439 0.700288
7.65497 -13.8845
13.9459 -11.3016
13.7506 -3.70922
13.9225 6.25331
-11.7125 13.543
-13.8872 11.9581
0.476442 13.6911
9.87329 13.4598
-5.74803 13.2309
-13.5134 -7.55143
-13.9405 -3.77316
-13.8597 2.25147
11.6008 13.3473
14.2685 8.12544
6.77129 13.641
-4.30323 -13.8425
-14.3535 10.4208
2.42361 14.3242
-14.1902 -5.66661
9.27348 -14.3666
14.0684 11.5387
4.20775 14.0835
14.3726 4.46368
-13.9315 -12.1395
-11.6368 -14.2751
-14.5054 8.67029
-1.39758 14.0892
13.269 -13.964
-0.827136 -14.3562
-10.1506 13.9844
5.99525 -14.0266
1.06695 -14.3853
14.5836 -1.64809
-14.5486 6.83414
-13.3042 13.3392
14.1565 -8.30888
-10.0245 -14.0986
-8.63155 -14.4606
-2.65432 -14.2747
3.05561 -14.3204
14.5199 2.62878
14.1901 -12.7628
-3.16164 14.4449
-14.4132 -10.5113
10.6623 -14.3958
13.3088 13.1654
-6.94115 -14.5747
14.5539 0.682919
-14.6344 5.00679
14.4194 -5.4557
5.62399 14.5612
-14.6547 -8.75316
-8.5186 14.4206
-14.6624 -1.30123
-14.4067 -0.0806847
-13.3766 -13.6242
14.9069 -9.89283
-12.8035 14.711
-14.7326 13.1667
9.03544 14.7423
-4.96641 14.5605
-5.43535 -14.714
7.27146 14.7493
14.9098 -14.121
-14.8304 -2.67073
11.9455 -14.9758
-14.786 3.45161
10.8701 14.6938
-6.76012 14.5587
-14.7414 0.97433
-14.8714 -7.19465
12.7078 14.6126
0.899497 14.9939
-0.404078 14.9547
4.69852 -14.7374
-11.333 14.8477
15.0482 7.09488
14.7686 13.0347
14.763 -6.92861
6.91229 -14.9773
-14.7702 -13.28
-13.1113 -14.9071
-14.4732 14.5361
14.4644 14.4688
-14.543 -14.6353
