3628 3737
3674 3786
3683 3796
3742 3849
3769 3854
3847 3948
3867 3957
3930 3964
3947 4037
3954 4047
4016 4065
4023 4128
4044 4167
4046 4146
4047 4175
4077 4198
4078 4199
4108 4229
4117 4251
4126 4255
4128 4271
4139 4254
4156 4300
4232 4424
4266 4250
4304 4516
4326 4526
4400 4614
4411 4655
4414 4653
4424 4685
4428 4672
4433 4658
4461 4721
4467 4710
4473 4688
4490 4757
4495 4794
4498 4749
4509 4810
4516 4834
4517 4806
4529 4836
4534 4817
4535 4848
4543 4850
4544 4881
4545 4870
4551 4877
4561 4928
4563 4758
4565 4892
4568 4924
4571 4943
4575 4954
4576 4937
4578 4949
4582 4964
4589 4975
4590 4961
4592 4999
4606 5039
4613 5074
4615 5071
4618 5072
4619 5073
4622 5112
4624 5120
4626 5053
4629 5135
4631 5149
4634 5162
4636 5172
4642 5232
4644 5247
4648 5282
4649 5262
4650 5300
4658 5388
4659 5440
4662 5543
4663 5556
4664 5580
