0.441109  0.441109
0.458853  0.458853
0.582229  0.582229
0.620993  0.620993
0.656602  0.656602
0.699264  0.699264
0.736759  0.736759
0.753768  0.753768
0.811818  0.811818
0.857336  0.857336
0.876282  0.876282
0.992506  0.992506
1.0089  1.0089
0.992506  0.992506
0.965175  0.965175
0.753768  0.753768
0.718616  0.718616
0.633115  0.633115
0.554258  0.554258
0.524453  0.524453
0.508825  0.508825
0.150999  0.150999
0.137381  0.137381
0.0585574  0.0585574
0.0510744  0.0510744
-16  -16
-10  -10
-6  -6
0  0
16  16
16  16
16  16
10  10
8  8
0  0
-8  -8
-16  -16
-16  -16
-16  -16
-16  -16
-16  -16
-0.00808512  -0.00808512
0.0448095  0.0448095
-0.00131942  -0.00131942
0.0368666  0.0368666
0.0059624  0.0059624
-0.00669552  -0.00669552
-0.0135007  -0.0135007
0.0291654  0.0291654
0.0147484  0.0147484
0.0218244  0.0218244
0.00753689  0.00753689
-0.0204588  -0.0204588
-0.00692059  -0.00692059
0.0383994  0.0383994
0.0379656  0.0379656
-0.0195955  -0.0195955
0.0299411  0.0299411
0.0170253  0.0170253
0.00828964  0.00828964
-0.0273867  -0.0273867
-0.0276867  -0.0276867
0.0398743  0.0398743
-0.00933145  -0.00933145
0.0626194  0.0626194
0.031815  0.031815
-0.0243792  -0.0243792
-0.0221658  -0.0221658
-0.0123373  -0.0123373
-0.0324044  -0.0324044
0.0727723  0.0727723
-0.0343042  -0.0343042
0.00491017  0.00491017
-0.0155793  -0.0155793
0.0758998  0.0758998
0.0338731  0.0338731
0.0330769  0.0330769
-0.00667893  -0.00667893
0.0733299  0.0733299
0.0639655  0.0639655
-0.0122973  -0.0122973
-0.0418838  -0.0418838
-0.0376679  -0.0376679
-0.0140116  -0.0140116
0.0477477  0.0477477
0.084144  0.084144
0.0384645  0.0384645
0.0378025  0.0378025
-0.00313831  -0.00313831
-0.0452792  -0.0452792
0.0256546  0.0256546
-0.03202  -0.03202
0.0146822  0.0146822
-0.0347481  -0.0347481
-0.0482442  -0.0482442
-0.0229922  -0.0229922
0.0547118  0.0547118
0.0543705  0.0543705
0.0737434  0.0737434
-0.0219808  -0.0219808
0.980973  0.980973
0.0842096  0.0842096
0.0841033  0.0841033
0.95967  0.95967
0.959301  0.959301
0.991861  0.991861
0.93875  0.93875
-0.0520093  -0.0520093
1.01585  1.01585
0.0417088  0.0417088
0.0421915  0.0421915
0.92711  0.92711
0.914328  0.914328
0.914429  0.914429
0.949043  0.949043
0.948807  0.948807
0.0285462  0.0285462
1.01844  1.01844
-0.0576164  -0.0576164
-0.0312137  -0.0312137
0.095814  0.095814
0.0161305  0.0161305
0.868895  0.868895
1.00354  1.00354
-0.048922  -0.048922
0.979103  0.979103
0.834007  0.834007
0.833763  0.833763
0.820593  0.820593
0.0529484  0.0529484
0.0533076  0.0533076
0.881136  0.881136
-0.0199869  -0.0199869
0.961822  0.961822
0.858057  0.858057
0.0831155  0.0831155
0.93587  0.93587
0.0731092  0.0731092
0.777188  0.777188
0.777061  0.777061
-0.0617189  -0.0617189
1.0263  1.0263
0.761658  0.761658
1.02739  1.02739
0.746233  0.746233
-0.0144042  -0.0144042
0.732947  0.732947
-0.0115952  -0.0115952
0.711926  0.711926
0.922405  0.922405
0.89446  0.89446
0.689842  0.689842
-0.0389386  -0.0389386
0.666767  0.666767
0.643089  0.643089
0.643105  0.643105
0.617625  0.617625
0.617594  0.617594
0.604468  0.604468
-0.0646595  -0.0646595
0.0312597  0.0312597
0.87167  0.87167
0.040065  0.040065
0.845196  0.845196
1.02195  1.02195
-0.0551414  -0.0551414
0.7245  0.7245
0.701966  0.701966
-0.0682838  -0.0682838
0.678438  0.678438
0.0190551  0.0190551
0.65427  0.65427
1.00836  1.00836
1.03031  1.03031
-0.0248668  -0.0248668
0.577274  0.577274
0.577344  0.577344
0.974876  0.974876
0.117652  0.117652
0.106868  0.106868
0.10679  0.10679
0.99748  0.99748
0.00569203  0.00569203
0.831022  0.831022
0.831586  0.831586
-0.0612095  -0.0612095
0.816701  0.816701
0.816176  0.816176
-0.0697828  -0.0697828
0.801199  0.801199
0.0647836  0.0647836
0.78507  0.78507
0.769424  0.769424
0.769212  0.769212
0.563187  0.563187
0.753647  0.753647
0.753512  0.753512
0.738637  0.738637
0.738557  0.738557
-0.0652172  -0.0652172
1.03456  1.03456
0.931489  0.931489
0.129857  0.129857
0.12979  0.12979
0.548455  0.548455
0.548571  0.548571
0.0524276  0.0524276
0.0520038  0.0520038
1.00947  1.00947
0.958021  0.958021
0.715253  0.715253
0.715292  0.715292
0.690946  0.690946
0.641004  0.641004
0.640963  0.640963
0.665875  0.665875
0.665906  0.665906
0.90105  0.90105
0.901502  0.901502
1.03849  1.03849
0.916764  0.916764
0.0791942  0.0791942
1.03731  1.03731
0.533341  0.533341
0.533487  0.533487
-0.00554543  -0.00554543
-0.0183065  -0.0183065
-0.0745284  -0.0745284
-0.0629334  -0.0629334
1.02971  1.02971
0.627483  0.627483
0.600192  0.600192
-0.0762645  -0.0762645
0.517923  0.517923
0.104701  0.104701
1.04377  1.04377
0.586638  0.586638
0.586503  0.586503
0.942464  0.942464
0.501866  0.501866
-0.0789346  -0.0789346
0.0383471  0.0383471
-0.0802686  -0.0802686
0.704519  0.704519
0.572568  0.572568
0.970511  0.970511
0.744923  0.744923
0.744769  0.744769
-0.00462338  -0.00462338
0.761049  0.761049
0.760792  0.760792
0.485034  0.485034
0.485285  0.485285
0.00854834  0.00854834
0.0637212  0.0637212
0.828347  0.828347
0.827384  0.827384
0.777293  0.777293
0.777689  0.777689
0.794543  0.794543
1.04478  1.04478
-0.0591631  -0.0591631
0.557791  0.557791
-0.0824904  -0.0824904
-0.0829811  -0.0829811
0.892275  0.892275
0.892868  0.892868
0.467863  0.467863
0.468141  0.468141
0.171179  0.171179
0.171328  0.171328
0.187101  0.187101
0.54271  0.54271
1.04668  1.04668
0.450111  0.450111
0.450396  0.450396
1.04819  1.04819
0.638164  0.638164
0.908955  0.908955
0.909958  0.909958
0.953996  0.953996
-0.0737036  -0.0737036
0.867639  0.867639
0.0768544  0.0768544
0.71918  0.71918
0.719248  0.719248
1.03858  1.03858
0.154812  0.154812
0.664925  0.664925
0.664992  0.664992
-0.0467529  -0.0467529
-0.0854603  -0.0854603
0.0525559  0.0525559
0.43176  0.43176
0.692387  0.692387
-0.0235303  -0.0235303
1.02334  1.02334
0.609655  0.609655
0.623737  0.623737
-0.01568  -0.01568
1.05254  1.05254
0.214838  0.214838
-0.0897291  -0.0897291
0.596256  0.596256
-0.0882111  -0.0882111
0.41299  0.41299
1.05178  1.05178
-0.0681614  -0.0681614
0.109369  0.109369
0.109137  0.109137
0.734999  0.734999
0.734854  0.734854
0.0960455  0.0960455
0.0956887  0.0956887
0.841514  0.841514
-0.0890079  -0.0890079
0.393296  0.393296
0.494532  0.494532
0.582212  0.582212
0.582473  0.582473
-0.0890515  -0.0890515
1.02417  1.02417
1.05396  1.05396
0.751666  0.751666
0.751402  0.751402
0.937681  0.937681
0.243179  0.243179
-0.0693073  -0.0693073
0.769028  0.769028
-0.0817927  -0.0817927
0.786174  0.786174
0.78683  0.78683
-0.0385199  -0.0385199
0.477995  0.477995
0.182852  0.182852
0.567945  0.567945
-0.0939708  -0.0939708
0.804873  0.804873
0.0229552  0.0229552
0.0236809  0.0236809
0.821932  0.821932
0.823211  0.823211
0.0388185  0.0388185
0.037912  0.037912
0.00880309  0.00880309
0.707407  0.707407
0.707437  0.707437
0.67881  0.67881
1.06037  1.06037
0.12405  0.12405
0.12381  0.12381
0.270791  0.270791
0.460318  0.460318
1.0587  1.0587
0.899779  0.899779
-0.0966327  -0.0966327
0.0706204  0.0706204
0.0699576  0.0699576
0.9187  0.9187
0.165425  0.165425
0.165132  0.165132
0.330962  0.330962
1.03886  1.03886
1.06382  1.06382
0.996293  0.996293
0.150098  0.150098
-0.038974  -0.038974
-0.0860221  -0.0860221
0.258579  0.258579
0.258982  0.258982
0.441342  0.441342
0.441953  0.441953
0.309521  0.309521
0.309231  0.309231
0.53704  0.53704
-0.0215783  -0.0215783
0.997349  0.997349
0.213501  0.213501
0.634708  0.634708
0.63453  0.63453
-0.0781646  -0.0781646
-0.0958008  -0.0958008
1.01557  1.01557
1.03212  1.03212
0.9502  0.9502
0.949213  0.949213
0.663832  0.663832
0.663964  0.663964
0.137128  0.137128
0.402708  0.402708
0.403037  0.403037
0.605346  0.605346
-0.0285251  -0.0285251
-0.105686  -0.105686
0.0884934  0.0884934
0.504511  0.504511
-0.104527  -0.104527
0.740959  0.740959
-0.103551  -0.103551
0.98094  0.98094
0.593014  0.593014
0.593375  0.593375
0.196148  0.196148
0.382413  0.382413
0.382469  0.382469
0.244778  0.244778
-0.065367  -0.065367
-0.091159  -0.091159
1.06855  1.06855
0.487511  0.487511
0.835263  0.835263
0.759132  0.759132
0.758712  0.758712
0.118242  0.118242
0.57787  0.57787
0.578329  0.578329
0.887061  0.887061
0.851588  0.851588
0.876316  0.876316
0.17688  0.17688
0.339599  0.339599
0.277253  0.277253
0.79608  0.79608
0.469867  0.469867
0.470887  0.470887
1.07238  1.07238
0.814905  0.814905
0.816335  0.816335
0.647453  0.647453
0.56356  0.56356
-0.110083  -0.110083
0.913352  0.913352
1.07433  1.07433
0.156112  0.156112
0.155636  0.155636
0.229384  0.229384
0.228645  0.228645
1.05853  1.05853
0.00370232  0.00370232
0.452602  0.452602
0.451528  0.451528
0.71075  0.71075
0.963106  0.963106
0.964003  0.964003
0.0233273  0.0233273
0.0216843  0.0216843
0.297214  0.297214
0.296582  0.296582
1.07155  1.07155
0.547567  0.547567
-0.104315  -0.104315
-0.0361535  -0.0361535
0.10468  0.10468
0.104156  0.104156
1.04191  1.04191
1.03997  1.03997
1.02474  1.02474
0.996021  0.996021
1.00724  1.00724
0.531362  0.531362
1.08041  1.08041
0.0715901  0.0715901
0.0705792  0.0705792
1.07626  1.07626
0.412842  0.412842
0.413637  0.413637
0.862736  0.862736
0.866555  0.866555
0.629829  0.629829
0.629493  0.629493
-0.111261  -0.111261
0.728679  0.728679
0.211406  0.211406
0.210599  0.210599
0.514903  0.514903
0.515976  0.515976
0.392865  0.392865
-0.122031  -0.122031
0.0848981  0.0848981
0.0841054  0.0841054
0.944112  0.944112
-0.116719  -0.116719
0.609022  0.609022
-0.0333256  -0.0333256
0.66283  0.66283
1.08595  1.08595
0.371404  0.371404
0.371252  0.371252
0.845745  0.845745
1.0121  1.0121
0.747718  0.747718
0.191994  0.191994
0.696116  0.696116
0.0548261  0.0548261
0.0535547  0.0535547
-0.0733583  -0.0733583
0.979227  0.979227
0.926333  0.926333
0.923851  0.923851
0.482125  0.482125
0.903242  0.903242
0.246618  0.246618
0.76763  0.76763
0.827057  0.827057
0.829098  0.829098
0.766992  0.766992
-0.124422  -0.124422
0.170987  0.170987
0.283881  0.283881
-0.11418  -0.11418
0.100895  0.100895
0.100144  0.100144
0.788101  0.788101
0.787078  0.787078
1.07121  1.07121
-0.0692683  -0.0692683
1.08771  1.08771
1.0878  1.0878
0.305374  0.305374
0.304265  0.304265
0.464001  0.464001
0.46235  0.46235
0.807253  0.807253
0.808754  0.808754
0.118567  0.118567
1.08977  1.08977
-0.129304  -0.129304
-0.120462  -0.120462
-0.0980391  -0.0980391
1.0266  1.0266
0.644666  0.644666
0.56032  0.56032
0.559368  0.559368
0.444994  0.444994
0.443288  0.443288
1.05276  1.05276
-0.00865115  -0.00865115
0.714573  0.714573
0.714606  0.714606
0.227724  0.227724
0.960561  0.960561
1.09441  1.09441
1.03464  1.03464
0.543403  0.543403
0.425138  0.425138
0.423586  0.423586
0.00460332  0.00460332
1.07385  1.07385
0.0064459  0.0064459
0.0239743  0.0239743
0.0227799  0.0227799
1.01629  1.01629
0.679661  0.679661
0.0397688  0.0397688
-0.0262558  -0.0262558
-0.0170732  -0.0170732
1.0904  1.0904
-0.1088  -0.1088
0.404297  0.404297
-0.13849  -0.13849
0.99683  0.99683
-0.0426059  -0.0426059
0.996265  0.996265
0.734276  0.734276
0.861382  0.861382
0.8643  0.8643
-0.143272  -0.143272
1.09863  1.09863
0.268612  0.268612
0.382333  0.382333
0.20712  0.20712
0.938208  0.938208
-0.0409179  -0.0409179
0.0721657  0.0721657
0.0924025  0.0924025
0.508972  0.508972
-0.0865138  -0.0865138
0.359345  0.359345
-0.134833  -0.134833
1.09445  1.09445
-0.138683  -0.138683
0.91652  0.91652
0.601786  0.601786
0.602663  0.602663
0.186864  0.186864
0.138292  0.138292
0.898093  0.898093
0.843902  0.843902
0.49203  0.49203
0.335757  0.335757
0.755059  0.755059
0.661309  0.661309
0.661746  0.661746
1.08497  1.08497
0.313963  0.313963
1.10569  1.10569
-0.14369  -0.14369
0.698559  0.698559
0.698708  0.698708
1.05503  1.05503
0.28927  0.28927
0.576946  0.576946
0.578104  0.578104
0.164474  0.164474
0.163365  0.163365
0.473984  0.473984
0.4763  0.4763
0.822271  0.822271
-0.104891  -0.104891
0.0497537  0.0497537
0.777526  0.777526
0.776582  0.776582
0.979397  0.979397
1.10749  1.10749
0.250172  0.250172
-0.151141  -0.151141
0.248268  0.248268
1.06482  1.06482
0.454696  0.454696
0.114175  0.114175
1.11157  1.11157
1.109  1.109
1.04458  1.04458
0.434893  0.434893
0.553594  0.553594
-0.124254  -0.124254
0.641705  0.641705
1.10512  1.10512
1.02682  1.02682
-0.0365379  -0.0365379
0.956279  0.956279
0.71917  0.71917
-0.155196  -0.155196
0.41455  0.41455
0.416839  0.416839
0.224766  0.224766
-0.158915  -0.158915
-0.0282876  -0.0282876
0.536059  0.536059
1.00683  1.00683
0.394829  0.394829
0.680419  0.680419
0.0293004  0.0293004
0.00629619  0.00629619
0.00583621  0.00583621
-0.0504935  -0.0504935
-0.00987915  -0.00987915
0.618693  0.618693
0.52008  0.52008
0.272698  0.272698
0.37146  0.37146
0.371168  0.371168
-0.0801077  -0.0801077
0.204311  0.204311
1.11609  1.11609
0.7414  0.7414
0.741097  0.741097
0.857649  0.857649
1.09932  1.09932
-0.144334  -0.144334
0.348157  0.348157
0.913388  0.913388
0.505657  0.505657
-0.15448  -0.15448
1.11975  1.11975
0.15497  0.15497
-0.154079  -0.154079
1.11714  1.11714
0.323629  0.323629
0.594335  0.594335
0.59586  0.59586
0.320882  0.320882
0.178551  0.178551
0.0677137  0.0677137
0.0699371  0.0699371
-0.167874  -0.167874
0.296038  0.296038
1.09766  1.09766
0.83517  0.83517
0.838318  0.838318
0.0927416  0.0927416
0.128564  0.128564
-0.164338  -0.164338
0.894353  0.894353
0.764912  0.764912
0.764167  0.764167
1.078  1.078
0.660168  0.660168
0.660898  0.660898
-0.155221  -0.155221
0.811763  0.811763
1.12691  1.12691
0.701556  0.701556
0.466848  0.466848
0.47036  0.47036
0.787909  0.787909
0.974084  0.974084
0.969674  0.969674
1.0565  1.0565
-0.0542695  -0.0542695
-0.16651  -0.16651
-0.134174  -0.134174
0.56822  0.56822
0.570304  0.570304
0.109432  0.109432
0.10806  0.10806
1.12084  1.12084
0.0434504  0.0434504
0.243269  0.243269
1.12336  1.12336
1.01381  1.01381
1.1322  1.1322
1.1225  1.1225
1.13474  1.13474
0.876785  0.876785
0.639039  0.639039
0.637872  0.637872
-0.177003  -0.177003
1.1339  1.1339
-0.0150099  -0.0150099
0.541628  0.541628
0.538954  0.538954
-0.0364021  -0.0364021
1.07563  1.07563
0.40551  0.40551
0.408936  0.408936
-0.164458  -0.164458
0.221984  0.221984
0.72474  0.72474
-0.180288  -0.180288
-0.0587821  -0.0587821
0.928067  0.928067
-0.161034  -0.161034
1.13458  1.13458
-0.0881946  -0.0881946
-0.180936  -0.180936
-0.174209  -0.174209
0.360845  0.360845
0.358754  0.358754
0.280858  0.280858
-0.141646  -0.141646
1.14201  1.14201
0.0641047  0.0641047
0.507809  0.507809
0.511386  0.511386
0.19894  0.19894
-0.0769977  -0.0769977
0.0112821  0.0112821
0.33541  0.33541
0.17182  0.17182
0.169591  0.169591
0.144083  0.144083
0.331098  0.331098
1.02593  1.02593
0.852843  0.852843
-0.171297  -0.171297
0.857838  0.857838
0.996108  0.996108
0.303519  0.303519
1.09118  1.09118
-0.112978  -0.112978
-0.177444  -0.177444
-0.119449  -0.119449
0.587113  0.587113
0.830911  0.830911
0.116918  0.116918
0.115081  0.115081
1.14304  1.14304
-0.155908  -0.155908
0.479764  0.479764
0.484437  0.484437
1.0702  1.0702
-0.187206  -0.187206
0.776228  0.776228
0.775173  0.775173
0.659197  0.659197
0.0345865  0.0345865
0.0291883  0.0291883
1.14441  1.14441
0.253956  0.253956
0.24986  0.24986
0.0932492  0.0932492
-0.0493757  -0.0493757
0.963028  0.963028
1.15125  1.15125
0.458601  0.458601
1.04938  1.04938
0.705213  0.705213
1.14864  1.14864
0.562038  0.562038
0.44444  0.44444
1.1497  1.1497
1.15588  1.15588
0.942457  0.942457
-0.136059  -0.136059
0.938079  0.938079
-0.0294646  -0.0294646
1.12734  1.12734
1.13029  1.13029
-0.179586  -0.179586
0.636766  0.636766
0.634961  0.634961
0.883408  0.883408
-0.200719  -0.200719
0.873442  0.873442
0.40296  0.40296
-0.20138  -0.20138
-0.189682  -0.189682
0.217295  0.217295
1.0758  1.0758
0.533043  0.533043
0.5285  0.5285
-0.202904  -0.202904
0.7316  0.7316
0.374423  0.374423
1.10864  1.10864
0.18827  0.18827
1.15942  1.15942
0.611261  0.611261
0.608577  0.608577
0.057368  0.057368
-0.20009  -0.20009
-0.128347  -0.128347
0.158383  0.158383
0.344  0.344
1.15675  1.15675
0.683785  0.683785
0.68277  0.68277
0.312769  0.312769
-0.207405  -0.207405
0.127218  0.127218
-0.198187  -0.198187
-0.168401  -0.168401
1.15264  1.15264
1.16958  1.16958
0.846455  0.846455
0.851458  0.851458
0.496975  0.496975
0.987056  0.987056
0.760131  0.760131
0.759594  0.759594
1.02606  1.02606
1.10238  1.10238
1.158  1.158
-0.0558886  -0.0558886
0.080751  0.080751
0.0836933  0.0836933
-0.211185  -0.211185
0.817978  0.817978
0.790164  0.790164
0.00734481  0.00734481
0.891938  0.891938
0.468444  0.468444
-0.215258  -0.215258
0.659976  0.659976
1.17928  1.17928
0.96576  0.96576
1.17264  1.17264
-0.199003  -0.199003
1.17638  1.17638
1.0366  1.0366
0.554792  0.554792
0.549606  0.549606
1.0496  1.0496
0.0240624  0.0240624
0.709552  0.709552
0.71026  0.71026
0.430548  0.430548
0.420862  0.420862
0.263091  0.263091
-0.221933  -0.221933
0.902015  0.902015
0.934749  0.934749
-0.0736828  -0.0736828
0.635324  0.635324
-0.226919  -0.226919
-0.153264  -0.153264
-0.223287  -0.223287
0.213766  0.213766
-0.149424  -0.149424
0.378841  0.378841
0.868792  0.868792
0.874603  0.874603
0.395107  0.395107
0.52611  0.52611
-0.222528  -0.222528
0.935903  0.935903
0.112579  0.112579
-0.231216  -0.231216
0.182249  0.182249
0.298215  0.298215
1.07484  1.07484
1.17331  1.17331
1.18778  1.18778
0.740329  0.740329
-0.0139682  -0.0139682
-0.225889  -0.225889
1.1019  1.1019
0.60778  0.60778
0.0888055  0.0888055
0.147661  0.147661
0.144416  0.144416
1.17858  1.17858
-0.0772292  -0.0772292
-0.237599  -0.237599
0.684818  0.684818
0.899621  0.899621
-0.101392  -0.101392
1.00103  1.00103
0.773347  0.773347
0.772665  0.772665
0.0490406  0.0490406
0.494701  0.494701
0.485595  0.485595
-0.234277  -0.234277
0.838107  0.838107
0.807451  0.807451
0.805608  0.805608
1.19957  1.19957
1.06697  1.06697
0.570747  0.570747
-0.220732  -0.220732
0.263564  0.263564
-0.239565  -0.239565
1.20071  1.20071
-0.0202856  -0.0202856
1.19769  1.19769
-0.243335  -0.243335
0.968309  0.968309
0.657104  0.657104
0.659441  0.659441
1.20364  1.20364
0.902794  0.902794
0.966757  0.966757
-0.106459  -0.106459
0.714779  0.714779
0.715827  0.715827
-0.0652747  -0.0652747
1.20521  1.20521
-0.252803  -0.252803
-0.169078  -0.169078
0.405732  0.405732
1.20661  1.20661
-0.206039  -0.206039
-0.256987  -0.256987
1.03249  1.03249
0.209088  0.209088
-0.25289  -0.25289
0.637452  0.637452
-0.257676  -0.257676
0.381275  0.381275
1.20474  1.20474
0.363385  0.363385
0.130027  0.130027
0.513754  0.513754
0.306402  0.306402
-0.264979  -0.264979
-0.25784  -0.25784
0.930851  0.930851
0.941736  0.941736
1.00515  1.00515
0.165816  0.165816
0.170282  0.170282
0.0760348  0.0760348
0.0776617  0.0776617
0.752423  0.752423
1.09313  1.09313
0.603482  0.603482
1.22153  1.22153
0.285605  0.285605
0.27525  0.27525
1.19263  1.19263
0.992576  0.992576
-0.0816634  -0.0816634
0.826748  0.826748
-0.258657  -0.258657
0.680224  0.680224
0.677773  0.677773
0.475596  0.475596
1.22523  1.22523
-0.223391  -0.223391
-0.107745  -0.107745
0.249295  0.249295
1.15581  1.15581
0.552713  0.552713
1.1041  1.1041
0.0363447  0.0363447
0.0372896  0.0372896
1.22783  1.22783
-0.271611  -0.271611
0.892546  0.892546
-0.278273  -0.278273
-0.188869  -0.188869
0.450453  0.450453
1.20594  1.20594
-0.228054  -0.228054
-0.187187  -0.187187
-0.284101  -0.284101
-0.276538  -0.276538
1.22948  1.22948
-0.116074  -0.116074
1.24247  1.24247
0.897144  0.897144
-0.0514987  -0.0514987
-0.152223  -0.152223
-0.280058  -0.280058
1.23533  1.23533
1.24534  1.24534
1.23451  1.23451
1.13801  1.13801
0.726211  0.726211
-0.286808  -0.286808
-0.29583  -0.29583
0.345291  0.345291
1.24531  1.24531
-0.077537  -0.077537
0.149525  0.149525
0.145086  0.145086
1.2458  1.2458
0.203163  0.203163
0.196581  0.196581
0.639255  0.639255
0.634731  0.634731
0.966436  0.966436
0.855249  0.855249
-0.0112203  -0.0112203
0.522472  0.522472
-0.301991  -0.301991
-0.2694  -0.2694
0.0696848  0.0696848
1.22104  1.22104
1.0791  1.0791
0.925139  0.925139
0.768864  0.768864
-0.293881  -0.293881
-0.293389  -0.293389
1.07017  1.07017
0.811399  0.811399
0.812371  0.812371
0.591948  0.591948
1.25703  1.25703
0.999568  0.999568
0.483818  0.483818
-0.0889894  -0.0889894
-0.120649  -0.120649
1.26142  1.26142
0.110886  0.110886
1.00204  1.00204
1.26664  1.26664
-0.310721  -0.310721
1.14496  1.14496
0.419872  0.419872
-0.208067  -0.208067
-0.307476  -0.307476
0.673531  0.673531
0.670172  0.670172
0.883568  0.883568
1.26589  1.26589
-0.173275  -0.173275
0.022995  0.022995
-0.309414  -0.309414
1.2669  1.2669
0.373684  0.373684
1.269  1.269
0.252179  0.252179
-0.315665  -0.315665
0.545489  0.545489
0.55803  0.55803
-0.314168  -0.314168
-0.326455  -0.326455
-0.314913  -0.314913
1.11192  1.11192
-0.0542581  -0.0542581
0.327568  0.327568
1.04427  1.04427
1.03349  1.03349
1.28423  1.28423
-0.295777  -0.295777
-0.322646  -0.322646
0.176746  0.176746
0.965577  0.965577
0.17039  0.17039
0.742711  0.742711
0.397191  0.397191
1.14034  1.14034
-0.0905428  -0.0905428
-0.330465  -0.330465
-0.256329  -0.256329
0.316557  0.316557
0.84023  0.84023
0.839142  0.839142
0.0575571  0.0575571
0.642368  0.642368
0.637315  0.637315
0.499371  0.499371
1.28977  1.28977
0.519863  0.519863
1.2104  1.2104
0.144331  0.144331
-0.335359  -0.335359
0.918586  0.918586
0.206629  0.206629
0.288726  0.288726
1.17798  1.17798
0.279572  0.279572
-0.35159  -0.35159
0.584174  0.584174
0.592148  0.592148
0.452513  0.452513
-0.0142233  -0.0142233
1.06796  1.06796
1.2908  1.2908
-0.0996435  -0.0996435
-0.314415  -0.314415
0.109378  0.109378
-0.183772  -0.183772
0.995488  0.995488
1.00739  1.00739
-0.201798  -0.201798
0.404241  0.404241
1.30112  1.30112
-0.150355  -0.150355
-0.348307  -0.348307
1.30431  1.30431
-0.351953  -0.351953
1.30565  1.30565
1.21796  1.21796
-0.0576077  -0.0576077
1.31202  1.31202
0.0176054  0.0176054
0.873048  0.873048
1.10448  1.10448
0.355074  0.355074
1.31292  1.31292
0.434328  0.434328
-0.327454  -0.327454
0.261201  0.261201
0.553763  0.553763
-0.364273  -0.364273
-0.294793  -0.294793
-0.368158  -0.368158
0.307136  0.307136
1.26199  1.26199
0.956952  0.956952
0.762563  0.762563
-0.0550206  -0.0550206
1.02925  1.02925
-0.379871  -0.379871
0.386945  0.386945
-0.388385  -0.388385
1.14218  1.14218
0.623041  0.623041
1.33353  1.33353
0.48854  0.48854
0.664415  0.664415
0.668784  0.668784
-0.236547  -0.236547
1.32121  1.32121
0.522241  0.522241
-0.383397  -0.383397
1.20063  1.20063
1.33962  1.33962
-0.118317  -0.118317
-0.206824  -0.206824
-0.400439  -0.400439
0.438616  0.438616
1.1794  1.1794
0.225832  0.225832
0.213916  0.213916
0.090962  0.090962
1.34078  1.34078
1.06514  1.06514
1.15233  1.15233
1.34272  1.34272
1.3449  1.3449
1.3111  1.3111
0.476311  0.476311
0.386086  0.386086
1.01334  1.01334
1.34615  1.34615
0.992786  0.992786
-0.364647  -0.364647
0.3452  0.3452
1.35318  1.35318
-0.397817  -0.397817
0.714712  0.714712
1.29989  1.29989
-0.410265  -0.410265
-0.33403  -0.33403
-0.409434  -0.409434
0.861706  0.861706
0.133033  0.133033
0.278465  0.278465
1.10605  1.10605
1.36181  1.36181
1.36775  1.36775
0.527101  0.527101
-0.273797  -0.273797
-0.421339  -0.421339
0.859449  0.859449
1.36607  1.36607
0.806988  0.806988
0.809739  0.809739
-0.0186471  -0.0186471
0.00874299  0.00874299
-0.416902  -0.416902
-0.348972  -0.348972
1.06772  1.06772
-0.0794702  -0.0794702
-0.424393  -0.424393
1.266  1.266
0.627095  0.627095
-0.39385  -0.39385
0.635331  0.635331
0.961861  0.961861
0.175634  0.175634
0.757618  0.757618
-0.439995  -0.439995
-0.292642  -0.292642
-0.2135  -0.2135
1.1439  1.1439
1.37347  1.37347
0.477504  0.477504
-0.175427  -0.175427
-0.146537  -0.146537
-0.450603  -0.450603
1.389  1.389
0.0819455  0.0819455
0.072027  0.072027
0.901112  0.901112
-0.45002  -0.45002
-0.435767  -0.435767
1.38837  1.38837
0.24246  0.24246
-0.375501  -0.375501
1.30481  1.30481
-0.453364  -0.453364
1.41123  1.41123
1.39139  1.39139
0.0198672  0.0198672
-0.462339  -0.462339
0.904311  0.904311
1.06241  1.06241
0.139737  0.139737
0.125172  0.125172
0.470791  0.470791
1.02216  1.02216
-0.312601  -0.312601
0.302468  0.302468
-0.0745907  -0.0745907
-0.460278  -0.460278
-0.456643  -0.456643
1.21774  1.21774
-0.387931  -0.387931
-0.250192  -0.250192
-0.477216  -0.477216
0.407158  0.407158
0.517315  0.517315
1.41644  1.41644
0.268919  0.268919
-0.0962238  -0.0962238
-0.136269  -0.136269
1.41282  1.41282
1.00658  1.00658
0.720125  0.720125
-0.194796  -0.194796
1.42633  1.42633
0.340506  0.340506
-0.494221  -0.494221
0.942854  0.942854
-0.267795  -0.267795
1.26716  1.26716
0.197594  0.197594
-0.200994  -0.200994
0.607988  0.607988
1.43145  1.43145
1.15573  1.15573
-0.419983  -0.419983
-0.49778  -0.49778
1.35098  1.35098
1.45344  1.45344
-0.501678  -0.501678
0.77459  0.77459
1.43792  1.43792
1.44035  1.44035
-0.492445  -0.492445
1.31913  1.31913
0.264518  0.264518
0.404213  0.404213
0.892504  0.892504
-0.0129272  -0.0129272
-0.514608  -0.514608
-0.510437  -0.510437
-0.0029469  -0.0029469
0.54507  0.54507
-0.502255  -0.502255
1.47587  1.47587
1.03863  1.03863
-0.068828  -0.068828
1.42728  1.42728
0.597647  0.597647
1.45609  1.45609
-0.371446  -0.371446
0.776821  0.776821
1.37737  1.37737
-0.508687  -0.508687
-0.534511  -0.534511
0.844005  0.844005
0.378047  0.378047
0.711671  0.711671
0.304478  0.304478
-0.314345  -0.314345
-0.543253  -0.543253
1.47638  1.47638
0.840493  0.840493
-0.487297  -0.487297
-0.232254  -0.232254
-0.558869  -0.558869
-0.554116  -0.554116
1.47963  1.47963
-0.468916  -0.468916
-0.551029  -0.551029
1.49311  1.49311
1.39698  1.39698
0.216663  0.216663
1.26689  1.26689
1.31782  1.31782
0.537949  0.537949
1.49357  1.49357
-0.400524  -0.400524
-0.562698  -0.562698
0.0943264  0.0943264
0.45761  0.45761
1.44513  1.44513
0.188203  0.188203
-0.470368  -0.470368
1.52205  1.52205
0.780082  0.780082
1.50877  1.50877
-0.328667  -0.328667
1.23616  1.23616
1.47211  1.47211
0.115133  0.115133
-0.023346  -0.023346
-0.585788  -0.585788
-0.254706  -0.254706
-0.395976  -0.395976
1.05742  1.05742
1.52095  1.52095
1.06201  1.06201
0.591778  0.591778
0.784502  0.784502
-0.108405  -0.108405
1.15191  1.15191
1.5307  1.5307
0.25617  0.25617
0.612951  0.612951
-0.536425  -0.536425
-0.601206  -0.601206
-0.185427  -0.185427
1.52953  1.52953
0.481756  0.481756
0.513215  0.513215
1.44503  1.44503
0.863836  0.863836
0.0520269  0.0520269
-0.61488  -0.61488
0.693513  0.693513
-0.626892  -0.626892
-0.625776  -0.625776
1.5676  1.5676
0.961214  0.961214
-0.453036  -0.453036
1.55188  1.55188
0.0629725  0.0629725
1.55521  1.55521
0.24315  0.24315
1.44892  1.44892
-0.335328  -0.335328
0.00798232  0.00798232
1.56478  1.56478
-0.590528  -0.590528
0.545227  0.545227
-0.377001  -0.377001
1.51208  1.51208
0.331861  0.331861
-0.0699629  -0.0699629
-0.640642  -0.640642
-0.216175  -0.216175
0.182223  0.182223
0.792274  0.792274
-0.454725  -0.454725
-0.0503575  -0.0503575
-0.631503  -0.631503
1.59643  1.59643
1.12191  1.12191
0.450271  0.450271
-0.589963  -0.589963
0.627426  0.627426
-0.665565  -0.665565
1.56769  1.56769
-0.130674  -0.130674
0.646962  0.646962
1.0295  1.0295
1.50271  1.50271
0.742285  0.742285
1.5294  1.5294
0.128021  0.128021
-0.00442933  -0.00442933
1.03514  1.03514
0.181092  0.181092
-0.67687  -0.67687
0.886139  0.886139
1.60647  1.60647
-0.514199  -0.514199
1.37148  1.37148
-0.690113  -0.690113
1.61862  1.61862
-0.655393  -0.655393
1.33031  1.33031
-0.644468  -0.644468
1.61423  1.61423
1.17316  1.17316
1.64602  1.64602
1.62836  1.62836
1.61747  1.61747
1.62638  1.62638
-0.697  -0.697
1.15474  1.15474
-0.698241  -0.698241
0.27102  0.27102
-0.489717  -0.489717
-0.168474  -0.168474
0.97814  0.97814
1.44956  1.44956
0.59355  0.59355
0.492985  0.492985
1.64281  1.64281
0.810921  0.810921
-0.647685  -0.647685
1.66937  1.66937
-0.740074  -0.740074
-0.731528  -0.731528
1.63968  1.63968
0.385528  0.385528
0.896176  0.896176
0.992879  0.992879
0.795176  0.795176
-0.746053  -0.746053
-0.159011  -0.159011
1.67601  1.67601
0.00266289  0.00266289
0.0991209  0.0991209
-0.745895  -0.745895
1.69248  1.69248
0.183716  0.183716
-0.350573  -0.350573
-0.773698  -0.773698
-0.254704  -0.254704
-0.758392  -0.758392
1.19111  1.19111
-0.704484  -0.704484
-0.445468  -0.445468
0.197922  0.197922
1.38091  1.38091
0.729017  0.729017
1.2008  1.2008
1.6681  1.6681
1.28935  1.28935
1.3632  1.3632
1.70643  1.70643
1.68909  1.68909
-0.549244  -0.549244
0.0214571  0.0214571
0.11077  0.11077
1.68521  1.68521
0.541253  0.541253
0.302514  0.302514
-0.103892  -0.103892
1.00891  1.00891
1.62929  1.62929
-0.708128  -0.708128
0.640348  0.640348
1.04124  1.04124
0.441578  0.441578
0.625043  0.625043
1.44714  1.44714
-0.786913  -0.786913
0.959895  0.959895
0.829689  0.829689
-0.841971  -0.841971
-0.824265  -0.824265
1.72956  1.72956
1.75942  1.75942
0.853991  0.853991
1.1088  1.1088
1.7314  1.7314
-0.662235  -0.662235
-0.801429  -0.801429
0.340858  0.340858
0.237692  0.237692
-0.301284  -0.301284
-0.773164  -0.773164
0.00158562  0.00158562
1.53858  1.53858
-0.8293  -0.8293
1.43723  1.43723
1.79044  1.79044
1.7604  1.7604
-0.484285  -0.484285
0.938909  0.938909
1.16048  1.16048
0.229281  0.229281
1.05091  1.05091
0.450462  0.450462
1.79162  1.79162
0.339357  0.339357
1.7819  1.7819
-0.738293  -0.738293
-0.87647  -0.87647
1.77255  1.77255
0.545455  0.545455
0.58659  0.58659
-0.262156  -0.262156
-0.366965  -0.366965
1.72487  1.72487
-0.91412  -0.91412
-0.561677  -0.561677
-0.0264816  -0.0264816
0.0858566  0.0858566
-0.648454  -0.648454
0.396426  0.396426
-0.930253  -0.930253
1.81565  1.81565
0.924602  0.924602
0.802227  0.802227
-0.898933  -0.898933
-0.840198  -0.840198
-0.124946  -0.124946
0.853328  0.853328
0.184799  0.184799
0.302561  0.302561
-0.357198  -0.357198
0.627501  0.627501
-0.247399  -0.247399
-0.892022  -0.892022
1.50489  1.50489
1.82655  1.82655
-0.930924  -0.930924
1.82489  1.82489
1.86643  1.86643
-0.962121  -0.962121
-0.562675  -0.562675
1.24837  1.24837
0.979041  0.979041
-0.661524  -0.661524
1.24634  1.24634
1.87875  1.87875
-0.93364  -0.93364
-0.996788  -0.996788
1.89785  1.89785
0.26015  0.26015
1.85609  1.85609
-0.00790928  -0.00790928
1.86331  1.86331
-0.194934  -0.194934
-0.999307  -0.999307
1.93239  1.93239
0.404582  0.404582
1.64022  1.64022
-0.971779  -0.971779
-1.01243  -1.01243
1.7074  1.7074
-1.02706  -1.02706
-1.02497  -1.02497
0.733876  0.733876
1.00717  1.00717
1.88471  1.88471
0.143036  0.143036
0.114681  0.114681
-1.03013  -1.03013
-0.982441  -0.982441
1.96448  1.96448
1.89855  1.89855
-0.0980552  -0.0980552
0.249767  0.249767
1.96126  1.96126
1.91706  1.91706
-0.426468  -0.426468
1.75307  1.75307
-0.939547  -0.939547
0.602151  0.602151
1.45567  1.45567
-0.875932  -0.875932
-1.07616  -1.07616
1.17431  1.17431
0.0181044  0.0181044
1.22742  1.22742
1.97076  1.97076
-0.655586  -0.655586
1.5314  1.5314
1.98814  1.98814
-0.759158  -0.759158
0.457813  0.457813
0.0228465  0.0228465
-0.385616  -0.385616
-1.08121  -1.08121
1.10003  1.10003
2.014  2.014
-1.0749  -1.0749
-0.904166  -0.904166
0.80366  0.80366
0.488932  0.488932
2.02107  2.02107
0.69617  0.69617
1.33224  1.33224
1.96386  1.96386
-0.518239  -0.518239
-1.14939  -1.14939
1.63455  1.63455
-1.09782  -1.09782
1.68393  1.68393
0.323237  0.323237
0.16706  0.16706
2.05302  2.05302
-0.774922  -0.774922
-1.17224  -1.17224
2.00591  2.00591
-1.04139  -1.04139
-0.097798  -0.097798
-1.14676  -1.14676
2.07864  2.07864
1.09565  1.09565
-0.504997  -0.504997
2.09802  2.09802
-1.19522  -1.19522
1.43119  1.43119
1.75451  1.75451
1.93116  1.93116
-0.651179  -0.651179
-0.0957035  -0.0957035
-1.20365  -1.20365
-0.63854  -0.63854
-1.18597  -1.18597
-0.997943  -0.997943
0.374352  0.374352
2.0997  2.0997
2.07389  2.07389
-1.21627  -1.21627
1.50628  1.50628
2.1131  2.1131
1.06145  1.06145
-1.25146  -1.25146
-0.878074  -0.878074
2.08784  2.08784
1.79063  1.79063
-1.20383  -1.20383
0.742027  0.742027
1.88876  1.88876
-1.21321  -1.21321
2.07416  2.07416
-1.22296  -1.22296
-0.16819  -0.16819
-1.25139  -1.25139
0.227828  0.227828
-1.14343  -1.14343
-1.31867  -1.31867
1.34815  1.34815
-1.02922  -1.02922
1.64427  1.64427
-0.780648  -0.780648
2.17387  2.17387
2.17032  2.17032
0.0935497  0.0935497
2.14792  2.14792
2.023  2.023
-1.34226  -1.34226
2.20478  2.20478
0.902871  0.902871
0.502791  0.502791
-1.08717  -1.08717
-0.905978  -0.905978
-0.0681118  -0.0681118
-0.439034  -0.439034
2.21477  2.21477
2.2218  2.2218
-1.34961  -1.34961
-1.34097  -1.34097
-0.628892  -0.628892
-1.39947  -1.39947
1.01315  1.01315
2.21895  2.21895
0.481406  0.481406
2.17995  2.17995
0.663662  0.663662
2.19746  2.19746
-1.32855  -1.32855
0.841542  0.841542
0.297848  0.297848
-1.35688  -1.35688
1.47053  1.47053
-1.44029  -1.44029
-1.34852  -1.34852
-1.07885  -1.07885
-1.33451  -1.33451
1.89286  1.89286
2.24657  2.24657
-0.416353  -0.416353
-0.742879  -0.742879
2.33679  2.33679
1.05071  1.05071
2.252  2.252
-1.47195  -1.47195
2.12892  2.12892
0.213684  0.213684
1.30671  1.30671
-0.214084  -0.214084
1.60051  1.60051
-1.38984  -1.38984
-1.18992  -1.18992
0.0304916  0.0304916
-1.45553  -1.45553
-1.42891  -1.42891
2.34452  2.34452
-1.37465  -1.37465
2.30629  2.30629
-0.899879  -0.899879
0.901901  0.901901
2.34688  2.34688
1.13413  1.13413
-1.50631  -1.50631
2.37353  2.37353
2.40823  2.40823
2.34773  2.34773
2.29797  2.29797
-1.50358  -1.50358
1.74078  1.74078
2.34549  2.34549
0.954607  0.954607
0.574382  0.574382
0.767502  0.767502
2.21717  2.21717
-1.21372  -1.21372
0.182172  0.182172
1.43936  1.43936
-1.48407  -1.48407
-0.373776  -0.373776
0.368609  0.368609
-1.52417  -1.52417
2.38943  2.38943
1.72816  1.72816
-0.70927  -0.70927
-1.49711  -1.49711
2.24632  2.24632
1.8907  1.8907
1.08078  1.08078
-1.54922  -1.54922
-1.04846  -1.04846
2.51789  2.51789
-0.150141  -0.150141
1.52646  1.52646
2.43766  2.43766
-0.915431  -0.915431
1.58007  1.58007
2.05137  2.05137
0.553927  0.553927
2.56646  2.56646
2.41525  2.41525
2.47287  2.47287
-1.50413  -1.50413
-1.65974  -1.65974
2.50471  2.50471
-1.56438  -1.56438
1.08197  1.08197
-1.6725  -1.6725
1.8837  1.8837
2.51075  2.51075
2.51067  2.51067
0.470729  0.470729
0.681232  0.681232
0.259506  0.259506
2.5828  2.5828
-1.65706  -1.65706
-1.73215  -1.73215
2.22682  2.22682
-0.799267  -0.799267
-1.67399  -1.67399
-1.45542  -1.45542
1.40906  1.40906
0.339188  0.339188
-1.75625  -1.75625
0.758254  0.758254
-0.648472  -0.648472
-0.0910285  -0.0910285
1.20385  1.20385
0.102371  0.102371
1.43877  1.43877
-1.01699  -1.01699
-1.80119  -1.80119
0.974321  0.974321
2.42182  2.42182
-0.141396  -0.141396
-0.39143  -0.39143
2.7162  2.7162
-1.66496  -1.66496
-1.4705  -1.4705
-1.82684  -1.82684
1.55989  1.55989
-1.82371  -1.82371
2.04175  2.04175
0.561252  0.561252
2.77833  2.77833
-0.660214  -0.660214
1.82599  1.82599
1.02284  1.02284
0.121682  0.121682
2.69434  2.69434
-0.847937  -0.847937
0.578781  0.578781
0.805975  0.805975
2.63892  2.63892
2.46697  2.46697
-0.895392  -0.895392
2.70846  2.70846
1.71128  1.71128
0.831384  0.831384
-1.38759  -1.38759
1.0777  1.0777
-1.13835  -1.13835
-1.97839  -1.97839
-0.538366  -0.538366
-1.88129  -1.88129
1.33223  1.33223
0.0145941  0.0145941
0.28109  0.28109
-1.97192  -1.97192
2.84861  2.84861
-1.62362  -1.62362
-1.88863  -1.88863
1.85503  1.85503
2.83743  2.83743
-1.98782  -1.98782
2.86559  2.86559
2.00393  2.00393
-1.97841  -1.97841
1.18045  1.18045
-1.12696  -1.12696
2.93635  2.93635
-2.04322  -2.04322
1.54648  1.54648
-2.08793  -2.08793
-1.79118  -1.79118
2.89147  2.89147
0.469594  0.469594
-0.747073  -0.747073
2.63259  2.63259
-2.04593  -2.04593
2.90238  2.90238
1.75673  1.75673
-1.86093  -1.86093
0.95431  0.95431
-0.682794  -0.682794
-2.07496  -2.07496
0.708426  0.708426
2.90742  2.90742
-2.06961  -2.06961
0.200041  0.200041
-2.13314  -2.13314
-0.396341  -0.396341
-2.16344  -2.16344
1.69418  1.69418
-2.15893  -2.15893
3.0033  3.0033
-0.094109  -0.094109
1.20058  1.20058
2.17443  2.17443
-2.20649  -2.20649
3.02161  3.02161
1.36178  1.36178
2.91838  2.91838
-0.569109  -0.569109
-1.53207  -1.53207
1.78784  1.78784
0.68625  0.68625
2.4237  2.4237
3.09967  3.09967
0.028365  0.028365
-2.06699  -2.06699
3.14406  3.14406
-2.30732  -2.30732
0.394422  0.394422
3.1433  3.1433
3.17434  3.17434
-2.34585  -2.34585
-0.797182  -0.797182
2.54376  2.54376
1.66388  1.66388
1.94981  1.94981
-2.32245  -2.32245
2.27092  2.27092
3.20022  3.20022
3.25324  3.25324
-2.01544  -2.01544
-2.32809  -2.32809
3.08271  3.08271
-2.42513  -2.42513
-2.42945  -2.42945
-0.376044  -0.376044
-0.130657  -0.130657
3.3405  3.3405
2.16457  2.16457
-1.71736  -1.71736
3.26029  3.26029
3.33512  3.33512
2.95127  2.95127
-1.41009  -1.41009
3.40888  3.40888
3.37857  3.37857
-2.30239  -2.30239
2.9812  2.9812
-2.51822  -2.51822
-2.51869  -2.51869
1.83625  1.83625
3.38769  3.38769
2.40718  2.40718
1.07825  1.07825
-0.907807  -0.907807
-2.62005  -2.62005
-2.35298  -2.35298
-2.5962  -2.5962
-2.25728  -2.25728
3.44674  3.44674
3.39585  3.39585
-1.52015  -1.52015
-0.0299088  -0.0299088
-2.5973  -2.5973
-1.25455  -1.25455
-0.148893  -0.148893
3.50729  3.50729
-1.93985  -1.93985
-2.70053  -2.70053
-2.63662  -2.63662
-2.69909  -2.69909
-1.59722  -1.59722
1.35228  1.35228
-2.73776  -2.73776
2.11648  2.11648
3.60622  3.60622
3.67968  3.67968
3.61464  3.61464
-2.78299  -2.78299
3.56819  3.56819
-0.816417  -0.816417
3.68888  3.68888
2.80316  2.80316
-2.87335  -2.87335
-2.84  -2.84
-2.8147  -2.8147
-1.22569  -1.22569
3.72738  3.72738
3.67754  3.67754
-2.49756  -2.49756
-2.89349  -2.89349
0.902717  0.902717
0.0129416  0.0129416
2.38034  2.38034
-0.64884  -0.64884
-1.06571  -1.06571
3.51153  3.51153
3.66865  3.66865
1.50434  1.50434
-1.63469  -1.63469
3.75593  3.75593
-2.40301  -2.40301
-2.89831  -2.89831
-1.81466  -1.81466
-3.0007  -3.0007
-0.197843  -0.197843
2.67202  2.67202
3.39283  3.39283
1.15446  1.15446
3.83715  3.83715
3.88728  3.88728
3.95987  3.95987
3.96656  3.96656
-0.277193  -0.277193
4.01289  4.01289
-2.78062  -2.78062
0.757248  0.757248
2.05767  2.05767
3.95358  3.95358
2.99172  2.99172
-3.21998  -3.21998
-2.64801  -2.64801
-3.15809  -3.15809
3.89679  3.89679
-3.21293  -3.21293
1.76919  1.76919
3.71844  3.71844
2.749  2.749
-1.37895  -1.37895
-1.26419  -1.26419
0.737689  0.737689
-0.872663  -0.872663
4.06329  4.06329
0.0589634  0.0589634
3.34247  3.34247
2.34451  2.34451
-2.63002  -2.63002
-2.21578  -2.21578
-3.28783  -3.28783
1.07081  1.07081
3.45805  3.45805
-0.692274  -0.692274
1.10204  1.10204
-3.41472  -3.41472
-3.39464  -3.39464
-3.37575  -3.37575
-3.36397  -3.36397
-2.87587  -2.87587
4.25731  4.25731
4.37829  4.37829
1.89716  1.89716
-3.58565  -3.58565
-3.55355  -3.55355
4.37224  4.37224
-0.258555  -0.258555
2.95568  2.95568
1.99597  1.99597
2.99469  2.99469
0.187176  0.187176
-1.53528  -1.53528
0.522251  0.522251
0.883243  0.883243
4.14832  4.14832
-1.48998  -1.48998
4.31121  4.31121
-2.44379  -2.44379
-1.83586  -1.83586
-0.647098  -0.647098
4.48063  4.48063
-3.79054  -3.79054
3.3692  3.3692
0.177258  0.177258
3.7521  3.7521
4.46321  4.46321
-2.64556  -2.64556
-3.14008  -3.14008
-0.841441  -0.841441
4.56789  4.56789
-0.432799  -0.432799
2.61355  2.61355
-3.9351  -3.9351
4.63376  4.63376
-3.72899  -3.72899
4.75009  4.75009
4.60776  4.60776
-3.97959  -3.97959
-0.02152  -0.02152
4.7248  4.7248
4.6822  4.6822
-3.82182  -3.82182
4.77106  4.77106
-3.19696  -3.19696
-0.332452  -0.332452
1.23702  1.23702
0.428039  0.428039
-1.70998  -1.70998
4.77219  4.77219
4.23278  4.23278
-3.65651  -3.65651
1.88474  1.88474
1.93699  1.93699
-1.82544  -1.82544
-4.09655  -4.09655
2.99567  2.99567
4.75251  4.75251
-4.23933  -4.23933
4.01376  4.01376
-2.34945  -2.34945
4.94487  4.94487
4.47535  4.47535
-4.17762  -4.17762
2.42445  2.42445
-2.8799  -2.8799
3.53008  3.53008
-3.44481  -3.44481
4.88866  4.88866
3.38271  3.38271
0.862884  0.862884
0.0296278  0.0296278
4.72454  4.72454
-4.06944  -4.06944
-4.31649  -4.31649
-0.048237  -0.048237
-4.39313  -4.39313
-4.3926  -4.3926
5.13846  5.13846
5.19392  5.19392
5.11026  5.11026
-4.41821  -4.41821
5.00366  5.00366
5.20333  5.20333
-4.01383  -4.01383
2.56335  2.56335
5.16509  5.16509
-3.02084  -3.02084
1.15347  1.15347
4.75807  4.75807
-4.5955  -4.5955
0.36609  0.36609
-4.41864  -4.41864
5.22433  5.22433
-1.57234  -1.57234
-4.73345  -4.73345
-2.03827  -2.03827
3.2723  3.2723
-1.02652  -1.02652
4.30304  4.30304
-3.79495  -3.79495
5.26017  5.26017
-2.51506  -2.51506
-4.63193  -4.63193
-4.46745  -4.46745
-4.74123  -4.74123
-4.82601  -4.82601
5.45944  5.45944
3.38523  3.38523
2.11102  2.11102
-3.94226  -3.94226
-0.969371  -0.969371
5.53526  5.53526
-4.89084  -4.89084
-4.88408  -4.88408
5.66248  5.66248
3.85667  3.85667
5.64307  5.64307
-2.79863  -2.79863
5.39364  5.39364
0.452004  0.452004
2.47417  2.47417
1.06306  1.06306
-4.48639  -4.48639
5.06445  5.06445
-0.674742  -0.674742
-1.92437  -1.92437
-4.18195  -4.18195
4.62078  4.62078
4.36229  4.36229
-2.89587  -2.89587
-1.31541  -1.31541
-5.26569  -5.26569
-5.01036  -5.01036
4.14103  4.14103
0.658851  0.658851
2.91095  2.91095
5.77588  5.77588
0.0448776  0.0448776
5.9321  5.9321
-0.552288  -0.552288
1.92765  1.92765
-3.79418  -3.79418
-2.33096  -2.33096
6.02668  6.02668
-0.210679  -0.210679
-1.19867  -1.19867
1.47425  1.47425
-1.86291  -1.86291
1.31733  1.31733
-5.39669  -5.39669
-3.1706  -3.1706
6.01294  6.01294
-2.52445  -2.52445
-4.98684  -4.98684
6.15698  6.15698
5.96841  5.96841
-5.43028  -5.43028
5.50745  5.50745
0.88095  0.88095
6.24991  6.24991
-5.45901  -5.45901
-5.54042  -5.54042
4.82598  4.82598
-0.921231  -0.921231
-3.25526  -3.25526
-5.68859  -5.68859
-5.65828  -5.65828
6.14306  6.14306
6.11557  6.11557
-5.58868  -5.58868
-2.54579  -2.54579
0.425128  0.425128
-4.89356  -4.89356
2.05031  2.05031
-5.86586  -5.86586
-5.24404  -5.24404
6.16811  6.16811
0.975323  0.975323
2.89083  2.89083
-5.96648  -5.96648
-5.93751  -5.93751
6.38493  6.38493
4.96364  4.96364
-5.98953  -5.98953
6.49397  6.49397
6.43839  6.43839
6.69103  6.69103
4.20259  4.20259
-2.18991  -2.18991
3.38077  3.38077
1.42487  1.42487
5.54019  5.54019
6.62297  6.62297
2.72343  2.72343
-6.00315  -6.00315
-4.35946  -4.35946
5.59504  5.59504
6.70561  6.70561
-6.05582  -6.05582
6.56231  6.56231
6.67817  6.67817
-6.08888  -6.08888
0.614795  0.614795
-6.16127  -6.16127
3.8772  3.8772
3.52379  3.52379
-6.18041  -6.18041
-6.20343  -6.20343
-5.69527  -5.69527
-6.36897  -6.36897
-6.31776  -6.31776
6.34542  6.34542
-4.77403  -4.77403
6.75091  6.75091
-6.54625  -6.54625
-6.50026  -6.50026
6.30205  6.30205
-0.193194  -0.193194
-6.08999  -6.08999
-6.60566  -6.60566
-6.36604  -6.36604
-5.469  -5.469
-6.54519  -6.54519
-0.958866  -0.958866
-3.36677  -3.36677
7.08582  7.08582
1.7793  1.7793
7.09018  7.09018
7.43635  7.43635
3.34328  3.34328
1.40259  1.40259
2.9074  2.9074
-6.74069  -6.74069
5.36696  5.36696
5.6529  5.6529
7.2229  7.2229
7.17151  7.17151
7.31126  7.31126
-6.78507  -6.78507
-3.46379  -3.46379
7.70071  7.70071
-7.15919  -7.15919
-7.07218  -7.07218
3.74512  3.74512
6.41223  6.41223
7.54275  7.54275
-6.69021  -6.69021
-7.25601  -7.25601
-4.6975  -4.6975
-5.93426  -5.93426
7.42959  7.42959
-7.25736  -7.25736
2.21522  2.21522
-0.278238  -0.278238
-5.20203  -5.20203
-3.07041  -3.07041
-7.14358  -7.14358
7.77329  7.77329
7.94918  7.94918
-6.51023  -6.51023
4.94818  4.94818
-4.42992  -4.42992
-7.57407  -7.57407
-1.96453  -1.96453
7.78801  7.78801
-7.49848  -7.49848
3.10427  3.10427
3.43594  3.43594
8.25333  8.25333
0.781312  0.781312
7.32598  7.32598
7.99713  7.99713
7.9627  7.9627
5.6858  5.6858
-7.63868  -7.63868
-7.82629  -7.82629
-7.32628  -7.32628
4.04421  4.04421
-6.55106  -6.55106
-7.70042  -7.70042
-7.94358  -7.94358
8.57976  8.57976
0.500272  0.500272
-8.13325  -8.13325
2.52358  2.52358
-3.69014  -3.69014
6.45473  6.45473
-5.40163  -5.40163
4.90852  4.90852
8.34744  8.34744
4.16238  4.16238
-8.17909  -8.17909
8.20601  8.20601
-0.745494  -0.745494
-2.69703  -2.69703
-7.57515  -7.57515
8.59495  8.59495
-1.7189  -1.7189
0.0890743  0.0890743
8.75116  8.75116
1.67451  1.67451
-8.22815  -8.22815
7.98523  7.98523
8.72856  8.72856
-8.6003  -8.6003
9.13243  9.13243
8.78041  8.78041
-5.33954  -5.33954
5.69077  5.69077
-8.7819  -8.7819
-8.86261  -8.86261
-8.62874  -8.62874
9.19438  9.19438
9.08387  9.08387
-6.24171  -6.24171
-9.00316  -9.00316
-8.91707  -8.91707
0.232763  0.232763
9.03114  9.03114
-7.54025  -7.54025
9.33297  9.33297
2.44501  2.44501
6.5391  6.5391
-9.10778  -9.10778
2.54027  2.54027
-5.1187  -5.1187
9.48234  9.48234
-9.23571  -9.23571
9.29802  9.29802
8.68483  8.68483
9.49873  9.49873
-8.24346  -8.24346
-9.49735  -9.49735
-2.75699  -2.75699
4.9264  4.9264
9.55419  9.55419
-9.61579  -9.61579
0.876916  0.876916
-6.97748  -6.97748
-7.09262  -7.09262
3.00056  3.00056
10.2875  10.2875
9.66521  9.66521
-5.12718  -5.12718
8.59673  8.59673
-8.14837  -8.14837
-9.804  -9.804
-9.94494  -9.94494
5.58424  5.58424
-9.38081  -9.38081
10.1074  10.1074
-10.0225  -10.0225
-10.0029  -10.0029
-0.0781299  -0.0781299
-10.1283  -10.1283
2.71846  2.71846
10.625  10.625
-0.428287  -0.428287
-1.64431  -1.64431
-9.33611  -9.33611
9.76879  9.76879
5.53123  5.53123
4.19466  4.19466
4.34085  4.34085
-3.69802  -3.69802
10.7976  10.7976
10.4774  10.4774
7.63108  7.63108
10.6208  10.6208
11.0132  11.0132
-10.537  -10.537
-8.89047  -8.89047
11.0368  11.0368
-10.9696  -10.9696
-10.331  -10.331
-6.77638  -6.77638
-4.87842  -4.87842
8.79106  8.79106
-11.0854  -11.0854
11.439  11.439
7.94473  7.94473
-5.55056  -5.55056
11.3901  11.3901
3.19779  3.19779
5.45944  5.45944
0.497211  0.497211
-10.2243  -10.2243
11.3067  11.3067
-10.0502  -10.0502
-11.3289  -11.3289
-4.49502  -4.49502
-3.64583  -3.64583
10.0536  10.0536
-11.2855  -11.2855
4.74936  4.74936
11.6512  11.6512
-11.8243  -11.8243
-9.05065  -9.05065
11.8345  11.8345
-1.88391  -1.88391
-11.9049  -11.9049
-9.75069  -9.75069
11.2466  11.2466
-7.73069  -7.73069
-11.829  -11.829
12.0458  12.0458
0.751133  0.751133
-6.34807  -6.34807
12.4132  12.4132
-12.4726  -12.4726
-4.60756  -4.60756
12.7432  12.7432
-10.4686  -10.4686
10.6001  10.6001
12.6912  12.6912
12.7047  12.7047
5.55461  5.55461
-12.603  -12.603
-0.820975  -0.820975
-3.18774  -3.18774
12.602  12.602
-1.6043  -1.6043
10.3512  10.3512
-10.6784  -10.6784
1.87943  1.87943
-2.47718  -2.47718
-12.2192  -12.2192
3.24004  3.24004
-13.19  -13.19
12.239  12.239
13.1436  13.1436
-13.1312  -13.1312
13.2391  13.2391
13.5559  13.5559
11.7427  11.7427
-4.12988  -4.12988
8.1939  8.1939
-13.4392  -13.4392
-11.7125  -11.7125
-13.8872  -13.8872
0.476442  0.476442
-13.9405  -13.9405
-13.8597  -13.8597
11.6008  11.6008
14.2685  14.2685
6.77129  6.77129
-4.30323  -4.30323
4.20775  4.20775
14.3726  14.3726
-1.39758  -1.39758
13.269  13.269
-14.5486  -14.5486
-13.3042  -13.3042
14.1565  14.1565
-10.0245  -10.0245
-2.65432  -2.65432
14.1901  14.1901
-3.16164  -3.16164
-14.4132  -14.4132
13.3088  13.3088
14.5539  14.5539
14.4194  14.4194
-14.6624  -14.6624
14.9069  14.9069
-12.8035  -12.8035
9.03544  9.03544
-4.96641  -4.96641
-5.43535  -5.43535
11.9455  11.9455
-6.76012  -6.76012
-14.7414  -14.7414
12.7078  12.7078
15.0482  15.0482
14.763  14.763
-13.1113  -13.1113
