346  829
5  829
5  346
376  577
272  376
272  577
59  809
86  809
59  86
209  629
629  876
209  876
154  727
154  707
707  727
482  773
4  773
4  482
531  1000
374  1000
374  531
400  779
255  400
255  779
453  932
241  932
241  453
478  847
169  847
169  478
209  817
766  817
209  766
531  862
94  862
94  531
824  978
228  978
228  824
209  957
209  469
469  957
470  828
470  934
828  934
478  636
253  636
253  478
321  654
654  947
321  947
28  939
15  28
15  939
579  850
101  850
101  579
285  720
285  404
404  720
277  951
946  951
277  946
452  597
193  597
193  452
150  543
47  543
47  150
724  990
683  990
683  724
509  823
623  823
509  623
153  424
424  427
153  427
22  630
586  630
22  586
120  738
738  775
120  775
193  763
763  825
193  825
286  855
855  985
286  985
183  654
183  320
320  654
497  861
497  850
850  861
134  450
134  541
450  541
272  671
272  894
671  894
341  799
569  799
341  569
296  305
305  748
296  748
208  753
683  753
208  683
46  318
318  638
46  638
181  272
71  272
71  181
542  600
600  645
542  645
255  926
255  362
362  926
579  979
540  979
540  579
12  239
39  239
12  39
455  972
335  455
335  972
371  639
371  383
383  639
444  931
182  931
182  444
978  983
425  983
425  978
207  540
152  207
152  540
730  732
443  732
443  730
1  913
754  913
1  754
685  903
685  880
880  903
180  348
180  673
348  673
129  610
124  610
124  129
141  361
141  346
346  361
853  977
882  977
853  882
102  989
17  989
17  102
296  692
194  296
194  692
80  746
80  530
530  746
636  857
253  857
478  587
169  587
388  787
388  659
659  787
691  904
31  691
31  904
152  579
101  443
101  732
507  515
507  713
515  713
16  824
432  824
16  432
56  734
372  734
56  372
57  388
165  388
57  165
277  866
866  951
503  604
406  503
406  604
147  902
222  902
147  222
672  862
81  672
81  862
25  199
25  140
140  199
273  419
419  819
273  819
237  932
237  241
54  635
54  641
635  641
21  347
21  137
137  347
347  963
137  963
557  568
524  568
524  557
191  769
171  769
171  191
180  757
180  263
263  757
734  895
181  895
181  734
510  635
54  510
214  596
510  596
214  510
209  599
599  629
277  422
422  984
277  984
57  128
128  711
57  711
545  667
127  545
127  667
38  750
38  292
292  750
414  460
238  460
238  414
244  844
90  844
90  244
844  964
844  873
873  964
359  652
436  652
359  436
421  449
391  449
391  421
454  564
427  564
427  454
753  833
24  753
24  833
89  947
89  654
448  682
448  708
682  708
144  370
155  370
144  155
363  569
341  363
388  609
609  787
17  348
3  348
3  17
205  307
307  996
205  996
409  714
409  854
714  854
669  694
669  892
694  892
420  685
49  685
49  420
525  619
525  684
619  684
65  318
65  105
105  318
46  240
46  365
240  365
501  696
104  501
104  696
382  474
474  989
382  989
8  17
17  729
8  729
186  663
186  642
642  663
537  860
827  860
537  827
470  522
522  828
255  625
625  627
255  627
289  382
289  474
258  601
258  665
601  665
699  878
578  878
578  699
308  960
722  960
308  722
291  956
108  956
108  291
296  541
194  541
378  862
220  862
220  378
42  126
64  126
42  64
353  638
353  969
638  969
219  855
219  286
418  923
134  923
134  418
418  872
872  923
494  806
275  494
275  806
211  439
211  572
439  572
39  109
109  223
39  223
61  742
616  742
61  616
677  716
716  801
677  801
503  516
406  516
456  874
456  762
762  874
319  807
310  807
310  319
12  232
12  574
232  574
413  524
524  869
413  869
577  671
671  696
696  894
496  799
496  773
773  799
677  758
716  758
648  931
182  648
136  818
818  920
136  920
820  860
820  827
580  627
627  754
580  754
224  819
151  224
151  819
527  806
294  806
294  527
59  339
339  809
139  882
67  882
67  139
168  932
168  983
932  983
395  889
395  682
682  889
165  609
334  954
361  954
334  361
109  934
51  109
51  934
216  239
216  576
239  576
429  601
261  429
261  601
153  959
512  959
153  512
292  760
750  760
203  282
282  504
203  504
126  329
126  858
329  858
677  821
793  821
677  793
222  796
420  796
222  420
49  287
49  650
287  650
50  147
50  902
420  881
309  420
309  881
322  339
322  809
618  668
50  618
50  668
27  437
233  437
27  233
508  846
70  846
70  508
58  961
961  1000
58  1000
888  961
795  888
795  961
67  610
139  610
129  797
124  797
82  171
82  191
161  933
41  161
41  933
123  416
416  896
123  896
414  689
414  765
689  765
156  839
780  839
156  780
813  959
813  856
856  959
710  827
549  827
549  710
670  861
549  670
549  861
530  652
652  746
509  830
509  632
632  830
579  732
732  979
146  979
730  979
146  730
705  922
364  705
364  922
172  705
481  705
172  481
114  577
114  572
572  577
105  638
900  977
790  977
790  900
121  977
67  121
67  977
577  582
582  671
235  622
204  622
204  235
87  993
510  993
87  510
605  648
408  605
408  648
162  244
162  873
244  873
348  474
180  474
182  397
182  408
397  408
336  351
336  960
351  960
604  914
517  604
517  914
316  710
132  710
132  316
818  825
38  825
38  818
422  912
401  912
401  422
46  622
318  622
376  572
153  462
275  462
153  275
47  346
150  346
444  596
219  596
219  444
397  562
182  562
358  899
358  794
794  899
392  458
384  392
384  458
2  521
521  578
2  578
9  249
9  649
249  649
158  998
780  998
158  780
512  545
153  545
78  131
131  281
78  281
271  994
271  458
458  994
390  677
390  821
60  517
350  517
60  350
660  917
660  710
710  917
92  491
92  207
207  491
7  921
712  921
7  712
276  528
468  528
276  468
251  855
515  855
251  515
91  635
405  635
91  405
121  322
121  900
322  900
55  440
55  870
440  870
149  418
149  697
418  697
296  672
541  672
675  694
304  694
304  675
482  795
426  795
426  482
265  877
433  877
265  433
601  898
898  982
601  982
2  663
2  186
868  948
352  868
352  948
142  708
142  661
661  708
401  984
421  557
449  557
7  777
404  777
7  404
334  494
275  334
57  376
57  272
146  540
212  730
730  913
212  913
738  919
602  738
602  919
801  919
602  801
573  703
573  831
703  831
133  374
133  697
374  697
174  225
225  354
174  354
739  980
520  980
520  739
164  324
85  164
85  324
338  357
104  357
104  338
313  616
313  457
457  616
167  413
167  524
219  431
431  444
363  715
363  867
715  867
826  925
315  826
315  925
147  668
433  812
265  812
762  812
812  874
19  523
398  523
19  398
2  611
521  611
258  886
628  886
258  628
77  564
77  813
564  813
346  918
731  918
346  731
334  787
334  609
726  745
69  726
69  745
591  715
591  867
42  392
42  458
217  478
217  636
368  865
865  971
368  971
222  837
147  837
845  887
145  887
145  845
435  887
55  435
55  887
151  570
273  570
151  273
462  806
32  111
32  144
111  144
138  860
138  227
227  860
592  651
592  690
651  690
499  781
781  860
499  860
536  698
698  704
536  704
247  935
75  935
75  247
853  981
243  981
243  853
50  981
618  981
753  911
911  929
753  929
767  834
617  767
617  834
116  699
699  778
116  778
146  574
146  232
93  482
73  482
73  93
187  803
187  985
803  985
278  389
278  301
301  389
120  554
554  821
120  821
341  520
341  715
520  715
88  469
88  957
299  349
349  973
299  973
437  550
266  437
266  550
377  712
377  953
712  953
264  446
198  446
198  264
380  755
374  755
374  380
174  187
187  225
100  970
100  484
484  970
631  778
558  631
558  778
908  914
84  908
84  914
161  455
161  335
30  764
30  72
72  764
95  154
95  707
525  912
95  912
95  525
328  939
15  328
329  899
126  899
161  377
161  953
618  826
315  618
552  996
307  552
179  367
367  887
179  887
238  604
84  604
84  238
170  177
15  170
15  177
231  524
167  231
413  863
167  863
276  720
276  285
528  529
528  774
529  774
100  160
160  980
100  980
100  500
484  500
878  944
878  966
944  966
521  699
123  924
896  924
408  700
548  700
408  548
115  926
115  779
779  926
400  522
18  522
18  400
353  561
105  353
105  561
200  817
200  617
617  817
529  583
417  529
417  583
201  550
201  437
200  848
834  848
200  834
469  727
88  727
556  991
556  857
857  991
109  239
51  239
405  597
597  802
405  802
43  292
43  760
358  664
29  358
29  664
363  758
363  645
645  758
374  394
380  394
374  450
450  531
210  917
207  917
207  210
167  475
475  863
442  901
442  673
673  901
211  376
296  847
305  847
217  530
217  587
530  587
582  696
93  110
110  501
93  501
288  926
288  443
443  926
295  696
295  582
251  284
164  284
164  251
164  985
164  803
48  985
48  286
2  366
366  611
487  822
822  993
487  993
718  891
445  891
445  718
70  583
70  529
117  135
117  304
135  304
192  961
192  888
363  782
758  782
123  726
416  726
519  716
519  801
81  220
37  81
37  220
465  535
535  725
465  725
822  938
63  938
63  822
269  651
269  590
590  651
260  433
260  877
319  762
319  464
464  762
417  623
583  623
404  956
108  404
48  187
799  980
341  980
758  793
392  919
392  738
371  585
371  958
585  958
794  810
64  810
64  794
22  615
615  630
42  630
126  630
301  726
301  942
726  942
236  924
74  924
74  236
18  736
736  930
18  930
83  400
400  840
83  840
678  858
329  678
489  939
28  489
645  716
600  888
192  600
244  705
244  481
244  740
705  740
601  886
564  959
286  484
484  505
286  505
174  756
187  756
58  192
446  831
198  831
287  309
287  881
265  747
96  265
96  747
70  159
70  718
159  718
276  393
393  528
317  909
236  909
236  317
106  765
765  792
106  792
517  955
327  955
327  517
516  965
486  516
486  965
66  898
66  456
456  898
519  992
472  519
472  992
94  519
519  862
406  965
170  899
899  928
170  928
880  902
139  902
139  880
796  902
487  534
534  993
373  414
373  460
533  967
215  533
215  967
435  584
435  883
584  883
859  969
107  859
107  969
369  969
369  859
135  694
124  322
121  124
333  533
215  333
86  891
59  891
659  954
787  954
832  904
347  904
347  832
826  981
243  826
185  981
50  185
328  928
15  928
22  678
22  905
678  905
99  865
99  171
171  865
653  971
368  653
426  773
160  799
175  934
109  175
223  511
511  952
223  952
26  840
701  840
26  701
22  926
22  115
714  986
854  986
419  898
250  898
250  419
571  712
377  571
75  971
247  971
530  633
633  634
530  634
80  557
80  291
291  557
266  498
498  550
230  717
717  826
230  826
570  885
544  885
544  570
492  998
785  998
492  785
283  864
864  927
283  927
283  747
747  864
157  262
262  533
157  533
380  467
467  755
692  847
518  692
518  847
387  530
387  587
89  277
277  791
89  791
707  912
64  392
78  816
459  816
78  459
326  504
203  326
451  875
298  875
298  451
651  750
38  651
651  695
257  695
257  651
1  212
1  906
212  906
576  606
216  606
522  783
83  522
83  783
556  686
686  857
313  475
475  511
313  511
190  865
190  798
798  865
319  456
323  898
66  323
454  852
47  454
47  852
77  258
77  807
258  807
396  547
143  547
143  396
451  532
532  875
169  632
387  632
169  387
692  890
518  890
165  940
165  901
901  940
673  940
168  425
506  988
506  884
884  988
791  947
946  947
344  946
344  947
553  556
553  686
175  470
240  638
365  638
817  969
369  817
333  375
215  375
181  372
740  845
145  740
49  845
845  922
49  922
55  179
502  673
502  940
343  585
585  782
343  782
343  821
343  554
450  672
531  672
133  687
687  697
420  880
796  880
49  309
189  379
189  483
379  483
344  776
776  946
219  988
214  219
214  988
91  988
91  506
423  863
423  475
423  869
413  423
335  751
751  972
161  498
41  498
260  419
419  433
188  307
188  552
576  736
736  828
576  828
51  576
547  620
396  620
620  722
336  722
336  620
90  307
90  188
221  771
221  224
224  771
155  772
155  350
350  772
177  327
177  517
460  503
74  460
74  503
238  360
84  360
135  795
135  961
117  795
312  351
312  875
351  875
336  532
336  875
154  619
154  684
154  469
675  734
501  675
501  734
262  467
262  479
467  479
459  919
459  801
131  220
220  693
131  693
448  920
448  709
709  920
811  818
398  818
398  811
741  869
23  869
23  741
23  704
23  536
392  810
126  794
20  82
82  99
20  99
594  698
191  594
191  698
714  851
851  986
851  854
25  854
25  851
185  882
139  185
631  640
268  631
268  640
293  907
499  907
293  499
436  632
387  436
202  333
202  375
757  945
128  757
128  945
473  941
381  941
381  473
588  956
291  588
78  220
470  991
470  556
356  658
499  658
356  499
499  999
860  999
173  190
190  368
173  368
173  567
190  567
680  694
669  680
324  338
93  338
93  324
559  853
559  790
790  853
27  826
27  717
565  777
108  565
108  777
421  594
421  777
594  777
851  996
480  851
480  996
364  650
650  922
16  978
405  789
91  789
5  150
150  702
543  702
27  243
27  853
148  551
41  148
41  551
577  655
114  655
295  577
595  816
458  595
458  816
131  340
131  598
340  598
261  512
261  621
512  621
512  886
512  628
332  340
131  332
556  783
553  783
261  886
419  982
273  982
68  553
68  267
267  553
636  991
665  807
319  665
35  990
35  702
702  990
733  911
646  733
646  911
3  442
442  527
3  527
544  780
544  839
100  739
363  389
389  867
167  546
546  742
167  742
608  633
608  656
633  656
101  926
356  950
658  950
176  631
176  268
4  976
73  976
4  73
354  773
4  354
302  944
302  966
699  966
699  761
761  966
450  697
133  264
133  446
5  612
612  706
5  706
213  916
213  929
916  929
186  951
186  776
776  951
186  578
573  891
339  573
339  891
254  256
254  943
256  943
215  256
215  254
57  940
121  610
95  684
422  707
79  200
200  213
79  213
369  767
767  859
179  440
289  438
438  474
561  995
65  561
65  995
515  808
515  884
808  884
165  494
494  901
442  494
353  932
237  353
294  544
294  885
667  784
294  667
294  784
820  910
489  910
489  820
138  910
138  644
644  910
611  735
735  778
611  778
87  534
444  562
562  596
726  909
123  909
648  679
605  679
506  808
425  789
425  506
506  789
5  759
706  759
683  759
208  759
33  937
890  937
33  890
381  417
381  623
414  792
268  414
268  792
194  823
823  830
194  830
846  872
508  872
175  226
226  290
175  290
634  656
431  500
500  931
431  931
416  639
416  800
639  800
278  585
278  782
573  879
256  573
256  879
308  487
308  723
487  723
411  657
411  765
657  765
103  907
195  907
103  195
768  897
270  897
270  768
85  357
324  357
507  808
489  549
489  861
207  526
152  526
343  793
782  793
44  713
410  713
44  410
425  808
218  425
218  808
202  272
272  711
202  711
122  272
122  894
141  691
31  141
646  916
911  916
636  656
634  636
457  633
616  633
848  859
107  848
262  380
446  467
446  479
552  851
552  714
248  714
248  552
525  974
912  974
136  709
29  371
29  383
664  794
6  586
42  586
6  42
68  994
68  271
505  805
286  805
219  805
502  757
502  945
940  945
57  945
545  784
153  784
3  673
527  885
791  946
344  493
493  947
89  412
412  654
130  973
130  835
835  973
330  838
768  838
330  768
386  841
386  893
841  893
253  686
118  267
118  624
267  624
72  147
147  881
72  881
676  927
260  676
260  927
800  942
560  942
560  800
383  385
385  639
37  693
394  892
262  892
262  394
514  694
514  892
150  990
5  990
759  990
3  885
3  570
570  729
3  729
258  813
77  310
567  751
567  972
230  551
148  230
39  952
39  511
12  511
503  896
516  896
460  604
134  194
33  830
33  194
293  999
34  316
34  710
140  676
140  260
877  927
283  877
387  652
61  530
61  633
935  953
728  935
728  953
404  921
56  680
680  734
533  892
533  669
488  592
592  760
488  760
463  735
463  695
695  735
319  724
310  724
109  290
290  511
223  290
278  942
278  363
621  998
545  998
545  621
246  401
246  984
681  889
889  974
681  974
356  987
314  987
314  356
11  658
11  781
658  781
824  974
432  974
228  614
614  949
228  949
723  822
308  938
723  938
255  580
1  627
246  277
246  661
277  661
398  428
19  428
52  590
52  269
8  570
228  681
681  824
802  978
789  978
789  802
642  951
642  866
76  708
76  142
524  536
536  568
568  698
551  717
86  159
159  445
86  445
94  992
378  459
459  862
168  453
16  983
149  450
418  687
287  364
188  844
399  964
399  844
688  795
117  688
569  600
542  569
394  514
56  333
333  372
132  234
132  330
234  330
116  838
838  841
116  841
520  591
80  359
359  746
391  777
391  565
498  551
230  925
290  457
457  511
905  926
101  905
850  905
497  905
597  635
597  641
452  825
136  825
136  452
195  293
14  293
14  195
195  897
195  270
203  298
203  649
298  649
9  620
9  547
302  776
776  944
186  944
186  878
200  209
200  876
733  753
395  709
395  614
614  709
395  448
490  774
417  490
417  774
196  285
196  276
211  274
211  915
274  915
274  376
470  783
576  934
228  802
614  802
605  700
112  605
112  700
282  298
99  798
163  662
163  864
662  864
629  744
24  744
24  629
10  744
10  299
299  744
403  963
347  403
347  829
829  832
725  996
535  996
199  851
280  806
280  494
494  609
103  778
103  116
20  40
40  99
40  798
89  422
412  447
89  447
503  924
366  589
589  611
430  778
430  657
657  778
281  816
281  595
598  693
62  997
62  735
735  997
113  345
345  396
113  396
312  495
476  495
312  476
397  548
485  548
397  485
217  634
23  40
20  23
536  869
58  94
58  992
94  1000
175  636
226  636
226  457
280  527
784  806
142  277
142  866
416  516
416  486
845  883
435  845
178  964
367  964
178  367
103  897
197  917
513  917
197  513
834  859
876  929
637  876
637  929
86  528
159  528
528  674
86  674
43  510
43  993
62  938
62  98
98  938
712  935
712  728
161  653
455  653
71  202
197  660
721  917
513  721
104  110
318  607
607  995
318  995
27  266
266  717
809  900
381  490
490  815
381  815
720  956
88  300
300  727
300  412
300  447
162  740
145  162
22  858
434  735
735  788
434  788
62  308
272  895
122  895
325  696
325  894
60  370
60  155
370  950
539  950
370  539
115  840
115  701
146  166
166  730
443  913
12  386
386  574
745  867
112  745
112  867
301  745
43  54
491  540
166  232
233  674
559  674
233  559
233  528
469  766
619  766
469  619
297  619
297  525
489  497
579  861
152  861
385  486
486  639
85  603
85  284
284  603
295  770
655  770
295  655
13  687
13  418
13  872
452  614
452  709
253  598
478  598
107  963
107  137
612  848
79  848
79  612
621  785
284  713
251  713
446  755
157  479
157  703
479  703
21  240
21  46
431  505
431  805
756  970
100  756
71  333
180  502
305  598
305  466
466  598
466  478
227  820
152  670
526  670
339  879
157  967
75  653
173  653
313  742
313  546
28  350
28  772
74  317
373  689
12  475
248  771
221  248
771  819
740  922
205  705
205  364
71  372
249  547
203  317
317  581
203  581
206  983
206  932
599  957
334  666
334  731
666  731
275  666
153  666
352  523
523  948
590  818
398  590
29  343
343  664
775  794
775  810
627  906
625  906
625  849
849  906
594  769
7  594
7  769
171  247
171  935
113  143
143  411
113  411
143  415
373  415
143  373
451  620
9  451
306  477
263  477
263  306
178  289
178  438
613  737
737  751
613  751
30  315
30  925
173  972
751  786
567  786
11  644
11  138
432  525
681  949
889  949
360  414
360  908
145  367
162  367
306  438
245  438
245  306
122  325
325  734
325  895
690  695
690  735
690  997
274  804
31  804
31  274
141  659
31  659
55  584
584  870
845  903
883  903
35  724
35  310
564  852
288  913
362  580
317  460
373  411
441  702
35  441
45  419
419  714
45  714
45  248
129  903
129  883
610  880
610  903
421  568
449  565
298  312
298  476
9  298
213  646
595  994
68  118
256  843
179  256
179  843
179  943
163  927
163  676
265  555
96  555
611  699
75  161
161  935
335  613
855  884
855  988
251  985
48  970
286  970
53  187
48  53
178  461
461  964
575  841
116  575
660  841
660  838
595  962
962  994
281  332
332  595
661  682
76  663
76  948
663  948
568  594
268  360
360  640
325  501
206  619
206  297
85  696
85  235
235  696
204  696
393  774
43  822
43  488
91  214
6  115
6  701
6  842
593  842
6  593
472  871
871  992
46  804
114  804
46  114
107  240
240  969
557  565
588  941
941  956
726  800
69  504
69  326
61  167
61  231
366  434
366  523
434  523
366  788
589  788
612  646
646  706
733  759
706  733
406  517
385  965
20  698
82  698
483  761
302  483
302  761
415  547
249  415
119  249
119  415
52  398
52  428
19  434
19  735
315  668
30  668
72  668
500  505
648  739
679  739
324  976
73  324
225  976
187  976
170  385
170  955
385  955
170  383
166  212
212  232
361  731
424  454
246  682
246  912
603  749
410  603
410  749
170  327
955  965
612  963
848  963
403  612
20  704
40  741
429  982
429  621
115  586
26  83
63  98
98  997
184  530
80  184
40  475
12  40
423  741
724  753
724  833
85  607
235  607
357  696
177  350
60  914
817  932
206  817
16  206
16  297
10  957
10  599
88  125
88  349
125  349
285  571
571  921
285  921
712  769
88  412
349  412
300  707
300  422
80  588
473  815
475  741
210  721
210  513
210  574
513  574
462  784
66  319
323  665
323  601
237  453
237  749
218  749
218  237
425  453
237  425
314  539
356  539
14  999
427  959
628  813
394  1000
205  465
364  465
289  461
178  245
532  620
61  184
184  231
569  645
189  321
321  493
189  493
302  344
433  874
250  433
250  874
250  566
566  874
205  535
199  480
602  677
390  602
120  390
390  738
259  999
316  999
259  316
234  270
259  270
234  259
743  929
743  753
24  743
322  797
339  797
797  883
288  362
288  580
580  913
83  593
331  593
83  331
553  842
331  553
331  842
231  557
184  557
72  287
45  771
188  248
591  679
591  605
112  591
749  995
561  749
218  507
148  933
613  764
737  764
473  956
509  538
381  509
381  538
448  868
708  868
811  920
448  811
797  879
179  584
584  843
720  815
393  815
393  720
196  571
196  201
201  571
441  852
441  564
47  918
424  918
424  731
351  495
179  245
245  367
306  943
477  943
252  722
252  308
62  252
252  430
62  430
158  544
492  621
399  461
36  355
355  382
36  382
672  748
508  823
508  623
194  872
823  872
141  954
297  432
278  560
560  585
38  590
570  839
273  839
156  273
156  982
28  177
157  573
157  256
256  967
459  519
779  840
814  975
814  987
975  987
103  975
907  975
386  660
234  768
454  918
371  800
343  371
804  904
21  107
471  872
13  471
133  755
299  835
125  957
4  225
225  229
4  229
53  756
626  767
617  626
419  771
438  752
474  752
208  733
446  703
198  891
198  573
737  786
769  935
160  756
159  529
119  649
119  581
119  317
874  898
21  904
439  915
932  969
206  766
342  488
342  592
592  750
624  686
253  624
118  994
575  893
197  386
197  574
170  358
358  383
337  930
18  337
606  849
216  849
111  910
111  772
772  910
214  635
193  641
641  763
402  436
359  402
359  538
538  588
359  588
125  299
412  973
882  981
452  802
560  958
800  958
569  773
354  496
174  496
463  719
257  719
257  463
68  842
271  842
267  686
175  991
549  820
670  710
670  917
8  355
8  279
279  355
226  656
226  608
457  608
664  775
38  763
292  763
464  812
265  464
183  321
130  320
130  654
242  559
242  790
242  900
255  337
337  625
352  448
352  811
201  936
377  936
201  377
550  936
523  811
32  370
32  950
111  155
213  876
629  968
24  968
264  687
264  471
471  687
87  351
351  534
504  700
282  700
118  253
253  340
253  962
340  962
222  881
544  667
202  254
254  375
114  439
439  804
491  574
146  491
335  933
613  933
148  613
148  764
282  647
282  476
476  647
351  487
487  960
370  640
314  370
314  640
60  640
229  976
119  460
54  763
54  292
691  832
410  507
507  749
402  538
402  509
33  632
162  964
192  871
58  871
72  786
764  786
287  662
287  465
465  662
581  649
356  407
407  987
843  879
326  726
123  236
304  688
675  680
111  644
270  999
132  259
44  603
14  270
188  399
303  768
97  303
97  768
303  838
142  642
797  843
440  584
520  679
376  388
274  388
274  659
247  865
331  783
472  716
485  562
485  510
510  562
56  669
93  675
311  930
606  930
311  606
12  216
10  125
160  174
174  799
10  629
833  835
299  833
34  999
480  662
199  662
662  676
406  955
32  658
11  32
32  644
87  647
495  647
87  495
87  485
113  430
113  657
126  615
615  858
508  583
422  447
415  460
33  692
134  149
106  657
176  792
176  778
778  792
269  719
257  269
428  735
606  736
317  326
326  909
567  662
662  798
567  798
72  662
72  567
381  588
196  437
196  468
437  468
100  931
504  745
389  745
30  230
230  764
204  295
356  907
475  546
252  345
345  722
345  430
237  561
173  455
242  674
242  809
12  212
12  906
169  937
632  937
603  995
702  852
35  77
593  701
6  458
395  949
592  997
342  997
63  997
543  852
63  488
63  342
488  822
135  394
394  961
135  514
386  575
876  968
324  803
53  970
512  856
628  856
264  718
198  718
523  663
675  688
289  399
279  399
221  279
221  399
44  284
92  574
172  205
138  781
235  318
204  770
566  898
631  975
558  975
314  814
384  816
329  928
337  400
366  663
589  735
291  565
306  752
263  752
348  989
202  477
254  477
744  833
907  987
407  907
81  748
37  748
6  271
471  846
718  846
179  306
320  835
320  833
128  202
498  717
62  778
189  302
302  493
413  836
836  863
213  612
345  620
537  999
34  827
584  797
76  868
28  910
330  660
25  260
260  409
409  419
8  224
8  151
426  569
426  600
492  780
280  442
548  647
485  647
127  998
127  158
473  720
622  770
46  770
12  849
311  849
26  593
603  607
640  814
640  908
393  490
161  936
498  936
106  778
118  962
328  678
328  329
497  678
130  412
436  509
328  497
172  307
90  172
929  968
743  968
21  804
482  688
426  888
188  221
497  939
643  745
112  643
685  845
332  962
626  817
369  626
428  463
96  864
464  555
319  555
355  399
289  355
803  976
526  917
522  736
66  665
183  379
183  483
128  477
52  719
428  719
804  915
889  912
246  889
103  558
116  303
158  667
674  809
693  748
466  847
716  871
600  871
180  752
172  244
233  468
97  897
116  897
303  897
93  688
612  829
403  829
36  102
36  989
265  283
311  625
411  689
555  563
96  563
319  563
282  548
643  700
504  643
423  836
34  537
227  910
738  810
120  664
92  210
156  429
156  492
429  492
321  379
264  846
739  931
837  881
477  757
60  908
77  441
78  378
346  691
691  829
311  337
17  355
102  355
199  676
424  666
194  923
554  664
600  716
662  725
224  279
132  660
25  409
185  902
305  693
76  642
46  655
480  725
56  533
384  919
637  968
110  338
169  518
518  937
27  559
816  919
563  864
631  814
