563  1870  1873  
138  205  241  
148  422  1788  
84  793  1534  
306  522  1460  
431  594  1805  
341  838  1134  
883  1318  1587  
74  761  1125  
59  1791  1965  
1052  1053  1744  
408  699  838  
561  751  1637  
294  949  1053  
114  482  1477  
58  269  908  
96  1312  1806  
308  386  1275  
350  1422  1423  
318  868  1470  
68  746  843  
1211  1466  1467  
207  564  1526  
1102  1188  1245  
1203  1487  1918  
1081  1653  1882  
379  1221  1457  
1152  1838  1839  
1211  1278  1621  
125  355  1015  
1312  1313  -1  
784  898  1422  
714  1468  1911  
138  139  661  
99  374  1289  
346  1201  1916  
633  1102  1814  
189  204  1497  
859  945  1563  
770  1667  1896  
883  989  1159  
62  184  242  
711  877  1427  
304  503  1509  
674  697  1229  
142  643  1172  
477  762  1638  
62  655  892  
63  590  886  
744  1379  1402  
997  1737  1776  
197  1243  1624  
173  608  1927  
1206  1363  1944  
1283  1299  1300  
1623  1820  1879  
121  1202  1465  
182  777  1099  
15  578  692  
9  542  909  
100  423  1413  
662  1231  1362  
41  47  899  
48  350  589  
653  915  1395  
561  739  1610  
486  724  772  
152  606  1412  
20  753  844  
133  713  1060  
164  271  412  
699  1611  1910  
814  1663  1880  
405  576  1241  
8  619  1125  
82  785  1360  
77  1232  1261  
76  811  910  
755  998  1444  
174  1027  1593  
923  1797  1862  
486  979  1563  
75  890  1277  
1277  1569  1570  
3  949  1533  
237  821  1816  
860  1625  1626  
682  1677  1787  
158  459  1307  
414  974  1406  
767  1398  1799  
768  1373  1398  
720  1279  1542  
238  999  1455  
987  1081  1131  
1103  1156  1605  
16  479  688  
804  1024  1181  
881  1390  1567  
34  1143  1144  
60  152  265  
1302  1623  1624  
312  1149  1717  
437  1889  1906  
553  701  725  
1341  1776  1777  
521  897  1207  
189  1085  1365  
483  919  1497  
863  1031  1105  
116  1598  1821  
750  1302  1878  
234  1559  1921  
144  1649  1835  
14  801  1756  
743  956  1319  
110  614  1961  
391  579  1124  
323  1573  1574  
1195  1780  1781  
372  546  1595  
56  229  714  
760  1611  1869  
380  455  532  
620  1437  1629  
29  679  1317  
127  1469  1884  
126  905  1885  
240  275  815  
345  1262  1346  
710  877  878  
932  1054  1098  
141  364  1219  
69  409  712  
259  467  1259  
580  707  728  
287  887  1512  
253  502  1445  
1  33  192  
33  348  880  
1289  1782  1783  
132  375  387  
45  292  1855  
673  1308  1703  
113  926  1297  
743  744  1379  
405  941  1665  
685  841  842  
2  166  646  
172  538  1300  
477  761  948  
804  1523  1817  
67  100  816  
1080  1205  1206  
335  433  802  
462  508  1427  
734  1092  1093  
215  1653  1654  
88  337  1266  
457  806  1335  
309  385  1456  
218  375  1429  
412  495  1340  
496  765  766  
70  257  1914  
397  1340  1341  
148  866  1157  
257  283  1793  
1339  1801  1963  
639  1458  1616  
395  1044  1903  
361  517  1741  
149  1600  1926  
52  1158  1599  
79  1063  1321  
504  1177  1849  
324  363  845  
636  937  1827  
584  1669  1946  
392  1544  1654  
1297  1650  1759  
654  1753  1759  
57  1541  1542  
1367  1713  1918  
41  350  590  
242  590  885  
560  942  943  
389  1562  1798  
205  567  1346  
37  107  620  
607  1299  1315  
607  1300  1600  
138  348  568  
1035  1571  1683  
626  855  1451  
292  629  1685  
1373  1398  1561  
51  1598  1796  
209  292  1675  
1353  1647  1781  
1060  1107  1407  
717  1659  1904  
1308  1621  1704  
237  610  1083  
37  1571  1684  
1  188  345  
275  951  1122  
22  563  1189  
254  627  1569  
198  643  1420  
675  1271  1584  
268  1581  1943  
261  323  602  
946  1001  1257  
1197  1670  1678  
157  683  913  
547  1582  1739  
677  1004  1613  
161  1151  1428  
935  1106  1107  
861  1298  1904  
892  1558  1843  
723  1113  1471  
400  1800  1819  
915  1015  1316  
562  1370  1371  
420  607  866  
613  984  1409  
763  764  1469  
121  1201  1911  
419  1389  1552  
431  1729  1741  
258  369  1823  
1092  1242  1260  
112  602  1590  
952  1655  1892  
754  1024  1404  
85  203  735  
93  998  1048  
723  1165  1166  
128  1950  1951  
1  860  1412  
41  185  1349  
886  1079  1402  
245  376  1305  
244  525  1219  
1217  1333  1488  
494  597  1852  
300  1290  1639  
585  775  1410  
652  1536  1556  
1105  1356  1956  
665  782  932  
137  316  317  
208  1171  1172  
267  586  1144  
311  780  967  
164  167  1071  
232  1309  1720  
134  1719  1720  
747  1326  1548  
212  356  1010  
391  572  1132  
392  706  1866  
1189  1190  1363  
100  1205  1950  
889  1386  1492  
255  776  1174  
211  455  1521  
15  833  909  
430  1414  1575  
70  1858  1859  
487  871  1018  
489  871  1435  
405  1213  1666  
128  206  1121  
1390  1449  1567  
926  1568  1913  
980  1603  1604  
550  970  1568  
530  756  1320  
440  959  1012  
425  565  1283  
167  426  1792  
794  1003  1155  
667  1239  1240  
817  1011  -1  
136  893  1348  
1551  1804  1805  
354  373  1752  
731  732  1735  
492  1428  1895  
142  195  198  
775  776  1144  
13  333  1236  
1235  1281  1282  
331  443  1339  
310  439  1251  
396  598  1546  
340  450  1852  
248  394  1075  
321  921  1253  
1579  1784  1976  
975  1407  1864  
43  858  1849  
1250  1376  1495  
4  454  609  
454  672  1207  
17  427  1734  
160  1583  1584  
297  1701  1848  
256  1792  1793  
102  506  1136  
489  1018  1193  
516  1406  1407  
1215  1275  1632  
253  1055  1444  
253  343  1641  
19  798  1682  
1036  1037  1255  
432  585  1254  
301  1490  1491  
595  792  1573  
118  212  1010  
176  824  1387  
1675  1685  1928  
436  883  1222  
1588  1938  1939  
620  1365  1630  
667  1052  1758  
359  371  1036  
296  1325  1818  
667  851  1566  
294  522  869  
464  548  578  
154  508  877  
1285  1371  1466  
158  1039  1361  
675  954  1272  
362  387  1143  
299  1133  1134  
6  493  597  
1119  1754  1843  
317  501  1501  
476  618  684  
129  205  800  
35  1202  1964  
452  834  909  
139  192  352  
863  1425  1957  
18  63  184  
589  988  1159  
348  568  1496  
914  1535  1556  
289  1535  1536  
29  373  1016  
261  825  1590  
413  741  1038  
1256  1727  1728  
330  1458  1459  
419  518  1388  
171  388  395  
339  657  1891  
176  628  1050  
132  1220  1419  
698  1611  1612  
813  1673  1899  
891  1096  1850  
748  1212  1769  
232  505  1822  
467  1719  1748  
330  635  1486  
120  868  1166  
289  355  1017  
34  432  775  
141  161  657  
244  1942  1943  
1288  1368  1369  
531  532  955  
26  1810  1811  
123  1457  1811  
731  889  1209  
823  936  1387  
1273  1476  1939  
1095  1318  1938  
160  873  1709  
17  1733  1837  
141  339  1896  
361  1730  1795  
187  390  1798  
389  942  1561  
117  262  734  
179  263  1131  
678  1253  1490  
300  1238  1432  
170  361  1374  
298  1333  1488  
165  496  1167  
1009  1747  1908  
1256  1459  1616  
223  1037  1682  
936  1478  1479  
636  1472  1706  
514  1086  1447  
409  846  1061  
73  146  274  
468  1123  1259  
759  1045  1419  
11  759  1418  
133  404  1446  
1215  1271  1583  
537  1915  1926  
70  162  537  
357  626  1967  
89  937  1462  
421  929  1385  
847  1435  1652  
418  666  1047  
417  484  612  
230  360  1531  
226  608  1599  
415  485  1937  
2  646  1728  
60  1205  1872  
812  1261  1362  
282  1628  1792  
283  1284  1914  
308  1215  1715  
873  874  1710  
807  1063  1415  
270  930  931  
5  231  1742  
320  374  1433  
154  482  729  
710  730  938  
884  1095  1693  
326  874  1221  
103  535  1888  
1242  1578  1690  
297  1471  1484  
281  930  1414  
641  721  834  
1116  1164  1596  
296  1627  1861  
556  757  780  
621  749  1342  
912  1198  1670  
448  719  1168  
447  1747  1908  
929  1645  1646  
299  668  916  
474  1202  1965  
347  542  1541  
479  821  843  
306  307  610  
123  268  531  
1582  1868  1973  
159  1051  1691  
472  1140  1192  
88  1212  1603  
980  1746  1769  
1402  1403  1513  
155  1274  1755  
801  1416  1938  
334  481  692  
782  939  1500  
807  1575  1576  
134  370  1123  
406  1260  1762  
987  1227  1526  
579  706  707  
509  960  1066  
458  520  1139  
541  542  1514  
451  1464  1959  
476  606  617  
344  475  490  
46  150  1127  
500  630  1014  
96  453  686  
498  686  687  
464  574  1505  
14  433  1295  
108  1437  1497  
418  1263  1743  
421  543  1345  
66  81  945  
272  872  1738  
766  1738  1777  
273  313  613  
476  1243  1601  
645  656  1288  
291  1429  1894  
341  699  1911  
247  764  1924  
162  537  1776  
163  397  1341  
1635  1763  1847  
480  746  1146  
1040  1317  1569  
478  1040  1041  
343  1642  1832  
137  1101  1833  
43  708  1013  
175  779  1702  
369  1664  1690  
312  511  1170  
1477  1755  1756  
155  335  802  
471  790  1971  
1648  1781  1970  
506  767  1718  
940  941  1900  
934  935  1329  
403  1106  1632  
713  823  990  
314  974  975  
171  518  1530  
360  517  769  
1191  1192  1647  
472  1647  1970  
106  609  1033  
4  333  1033  
1030  1425  1840  
668  669  1645  
245  1220  1973  
547  698  828  
673  796  1182  
953  1326  1703  
836  1091  1101  
280  836  1090  
378  455  1942  
123  378  1584  
819  1062  1063  
1026  1027  1321  
437  670  1888  
814  1888  1906  
411  412  495  
149  1284  1915  
592  1029  1979  
716  818  1498  
473  720  1713  
59  452  473  
485  922  1344  
680  1625  1863  
1117  1179  1482  
120  1049  1116  
216  526  1869  
334  1295  1417  
591  970  1498  
279  716  1649  
552  931  1575  
551  968  1576  
104  1389  1424  
1356  1551  1957  
1299  1314  1962  
444  865  1628  
778  1166  1595  
1165  1454  1455  
1136  1150  1930  
186  765  766  
12  65  762  
225  1041  1285  
0  207  702  
22  993  1527  
282  1628  1962  
709  779  1177  
188  918  1923  
192  352  918  
827  1004  1581  
573  828  1708  
575  913  1093  
262  575  1543  
570  1739  1856  
481  1417  1504  
571  572  734  
73  1214  1242  
1005  1505  1614  
58  334  1296  
117  470  580  
135  579  1761  
992  993  1188  
663  794  1815  
684  704  1671  
178  1197  1342  
249  320  1854  
255  732  1493  
933  1054  1501  
641  1876  1877  
63  351  783  
48  184  185  
549  1499  1977  
539  1975  1976  
1074  1357  1805  
5  1639  1783  
322  791  1065  
1065  1573  -1  
247  341  763  
298  1234  1924  
632  1058  1870  
1002  1003  1644  
746  1559  1560  
212  234  1574  
646  928  1248  
605  1007  1765  
604  1345  1385  
67  475  681  
190  191  226  
52  420  1600  
306  521  1207  
203  454  1115  
1330  1566  1643  
418  1239  1757  
227  489  1434  
116  965  1244  
1085  1175  1365  
630  653  1316  
475  618  816  
344  617  1672  
74  1629  1630  
124  189  328  
445  685  1343  
682  842  1343  
1658  1836  1837  
971  1391  1913  
1011  1591  1633  
194  413  1334  
208  643  1570  
363  1479  1692  
195  1073  1173  
478  616  1585  
1041  1585  1638  
599  703  1059  
36  1245  1246  
1464  1515  1959  
371  1487  1772  
177  402  637  
636  1028  1975  
715  1204  1918  
169  1615  1919  
729  839  840  
441  588  664  
1072  1172  1491  
45  209  627  
901  1050  1229  
491  1210  1891  
148  422  603  
928  1384  1489  
741  742  1780  
1453  1472  1827  
818  849  1224  
788  1397  1802  
250  1356  1516  
64  616  1176  
181  898  1658  
47  927  1754  
491  657  1429  
362  375  656  
1394  1395  1555  
1176  1585  1586  
859  860  1626  
33  879  978  
61  983  1944  
582  1002  1003  
641  833  1303  
252  1098  1876  
417  851  1565  
285  329  332  
450  524  1133  
524  916  1247  
535  671  1136  
670  995  1170  
307  972  1778  
143  527  907  
44  1230  1272  
210  338  1306  
1094  1457  1521  
217  1268  1293  
393  679  920  
125  678  1171  
544  923  1601  
606  1601  1625  
87  622  683  
215  682  1122  
344  583  1624  
147  621  704  
479  480  843  
480  1636  1806  
96  822  1712  
1235  1620  1711  
1226  1401  1660  
1225  1269  1532  
58  464  1267  
1005  1294  1336  
1071  1167  1858  
718  1008  1822  
1209  1287  1890  
44  900  1077  
365  526  1790  
11  71  493  
771  1133  1646  
104  771  1531  
563  703  993  
632  702  1245  
583  685  749  
749  750  1302  
263  470  1132  
135  470  1519  
503  968  969  
566  757  1969  
130  434  938  
42  938  939  
133  824  845  
69  515  1406  
32  121  1884  
638  1367  1465  
540  550  1130  
201  1441  1650  
695  1663  1880  
447  1822  1823  
92  541  1541  
441  1098  1141  
857  1251  1848  
222  239  1470  
66  1424  1840  
104  1646  1936  
1039  1265  1266  
1292  1745  1746  
135  986  -1  
433  640  878  
434  781  878  
290  381  1890  
290  586  1891  
912  913  1677  
156  391  575  
237  1083  1816  
973  1550  1778  
1129  1382  1580  
970  1448  1912  
65  972  1550  
803  1522  1549  
357  648  891  
648  876  891  
115  145  989  
49  145  1403  
1082  1404  1816  
20  498  601  
260  1068  1475  
368  1327  1768  
445  704  705  
111  705  1666  
12  1549  1550  
1285  1637  1638  
68  1405  1559  
236  1893  1920  
78  756  1445  
280  755  1026  
444  709  1860  
853  1256  1728  
407  408  837  
122  1418  1868  
8  150  1127  
46  561  1609  
228  597  1468  
228  494  904  
163  560  1674  
163  488  560  
90  511  1399  
91  1199  1399  
518  1388  1729  
39  1667  1668  
700  701  1902  
66  944  1937  
1226  1393  1905  
1020  1021  1785  
249  293  374  
267  293  1411  
57  1483  1542  
557  999  1455  
504  566  1860  
256  444  1494  
730  782  840  
252  465  781  
589  874  1423  
31  1423  1710  
75  1371  1467  
907  1211  1308  
818  1130  1396  
651  849  1396  
806  1001  1380  
509  946  963  
595  1146  1560  
322  1560  1574  
3  1052  1330  
284  582  1814  
796  906  1522  
527  795  804  
1036  1700  1772  
318  1338  1819  
800  1262  1774  
345  799  1934  
114  463  1417  
154  508  1477  
740  1286  1637  
97  151  796  
1685  1686  1932  
159  789  1929  
429  466  820  
1168  1443  -1  
1331  1438  1605  
1431  1438  1606  
77  1089  1871  
424  1871  1945  
366  1149  1930  
72  536  1150  
128  841  1672  
152  617  1950  
286  1784  1812  
540  650  787  
533  820  835  
807  819  -1  
85  453  1461  
688  870  1461  
382  515  824  
324  712  823  
356  1057  1591  
1452  1634  1705  
569  1023  1582  
526  570  1917  
981  1097  1633  
960  1503  1971  
1000  1191  1887  
1420  1675  1676  
269  664  834  
347  441  833  
819  1090  1091  
529  530  1445  
759  1044  1375  
6  11  1044  
640  1296  1303  
640  781  1304  
147  815  1671  
147  622  1121  
20  453  686  
68  1404  1405  
176  712  846  
404  845  901  
416  871  985  
1019  1372  1767  
650  788  1812  
861  862  1311  
332  666  1239  
1644  1954  1955  
758  854  1255  
853  895  1788  
194  890  1038  
876  1096  1097  
722  1251  1252  
304  1508  1594  
38  660  922  
86  241  660  
220  850  1310  
850  1119  1557  
109  349  1956  
1085  1696  1952  
556  1339  1627  
166  226  1511  
1117  1772  1773  
19  372  1681  
333  1460  1679  
822  1679  1680  
272  273  847  
487  976  1561  
385  428  1810  
428  436  783  
1069  1322  1592  
742  856  1537  
42  130  335  
130  729  730  
661  1563  1564  
139  978  1031  
98  935  1355  
1328  1383  1499  
7  40  326  
435  1042  1222  
185  893  1079  
48  243  988  
136  1270  -1  
1174  1493  1736  
266  381  1735  
82  855  1361  
367  741  742  
47  221  1349  
287  885  1078  
895  1510  1963  
854  894  1800  
1033  1053  1264  
106  1032  1208  
31  654  1733  
62  1422  1753  
697  901  1061  
644  846  900  
1556  1695  1953  
918  1572  1922  
764  905  1545  
127  904  1233  
795  907  1286  
673  786  906  
15  925  1708  
59  269  347  
77  1232  1565  
1088  1566  1643  
446  733  1198  
215  571  733  
353  915  1555  
64  224  914  
450  669  1234  
1217  1247  1645  
567  568  903  
108  1436  1726  
678  1072  1171  
301  1254  1539  
543  859  944  
80  680  1243  
925  1917  1964  
908  924  1791  
144  277  1836  
655  1753  1760  
603  647  1183  
415  449  1218  
430  440  1594  
430  551  1508  
131  252  933  
587  932  1500  
513  1216  1657  
219  513  881  
382  401  990  
177  414  1826  
434  710  711  
465  711  1100  
512  1169  1732  
146  512  1241  
186  390  1738  
186  1135  1562  
772  922  945  
38  486  944  
213  790  1358  
1258  1380  1691  
150  1108  1609  
13  84  1110  
1080  1883  1951  
206  1882  1951  
235  1547  1656  
528  1327  1704  
338  1230  1894  
378  1306  1838  
115  957  1403  
956  1824  1825  
1027  1113  1165  
281  1415  1593  
471  830  961  
960  991  1453  
991  1066  1462  
790  1139  1140  
1194  1597  1862  
614  1137  1138  
1013  1178  1249  
256  1070  1494  
552  708  1509  
708  1249  1661  
279  549  738  
624  1912  1978  
672  739  1208  
736  1523  1549  
89  516  1028  
303  516  1698  
872  1018  1372  
1138  1618  1766  
661  880  1564  
81  1030  1564  
278  460  1292  
829  1292  1604  
1231  1774  1935  
662  1872  1935  
227  1409  1435  
847  996  1737  
728  1188  1519  
94  469  1187  
351  886  1160  
40  743  1378  
515  936  1359  
961  962  1826  
581  1518  1867  
564  581  702  
995  1689  1889  
671  994  1169  
985  1158  1927  
50  1926  1927  
78  238  1454  
93  778  1048  
831  1192  1929  
213  789  1140  
600  663  1809  
284  600  663  
217  569  1022  
577  693  1268  
1007  1184  1384  
604  1006  1617  
695  1168  1443  
398  1828  1909  
261  323  1011  
286  625  1010  
281  1594  1848  
503  966  1350  
478  1316  1317  
29  224  1535  
355  1253  1540  
373  1238  1540  
272  313  976  
848  1137  1199  
774  1269  -1  
774  1225  1660  
1004  1707  1740  
827  1739  1740  
97  236  1082  
1547  1655  1921  
534  756  1454  
79  534  958  
637  974  1029  
539  1028  1698  
523  979  1031  
109  880  1030  
897  1109  1264  
521  522  896  
1035  1104  1516  
193  1034  1496  
319  330  797  
319  400  1700  
357  855  1529  
337  726  1529  
499  500  1370  
500  562  631  
884  1094  1520  
1520  1948  1949  
170  837  838  
407  1375  1794  
1347  1726  1923  
417  1436  1437  
238  999  1596  
546  1179  1482  
363  644  1209  
457  1386  1492  
10  329  793  
10  13  896  
131  587  1055  
316  1054  1142  
1322  1548  1589  
825  1322  1592  
599  1809  1815  
632  1246  1815  
69  200  1447  
404  900  1087  
533  1320  1321  
174  429  533  
1065  1635  -1  
595  596  1064  
471  962  1358  
1257  1358  1463  
747  1327  1770  
875  1475  1548  
967  1250  1793  
257  694  1250  
642  920  1490  
629  1410  1855  
593  1551  1751  
300  1640  1752  
1077  1086  1087  
697  1076  1631  
893  1079  1512  
243  885  1078  
153  950  1363  
25  94  1228  
745  1024  1817  
203  735  1779  
1364  1394  1517  
107  615  864  
403  1076  1632  
1061  1076  1446  
911  1089  1565  
811  1088  1808  
530  835  1320  
529  835  1118  
156  233  1844  
156  571  1947  
676  1042  1221  
384  435  1694  
367  856  1525  
829  856  1525  
131  665  721  
57  1141  1164  
939  1118  -1  
502  529  1642  
23  36  1103  
95  1102  -1  
1034  1695  1696  
109  251  1516  
219  514  1216  
200  219  1864  
948  1263  1744  
1032  1609  1610  
949  1430  1533  
1114  1236  1281  
1338  1470  1471  
222  958  1252  
1111  1282  1679  
610  1460  1680  
442  546  1483  
545  867  1699  
1091  1100  1642  
342  862  1557  
1311  1557  1842  
275  842  1122  
206  683  1121  
406  467  1761  
117  1260  1762  
8  74  1128  
1506  1507  1586  
477  761  1128  
1125  1127  1586  
737  1383  1499  
716  787  1440  
94  392  1653  
262  706  1544  
340  668  700  
6  340  1903  
943  1673  1674  
312  559  670  
965  1019  1553  
965  977  1767  
472  963  1970  
458  963  1001  
721  1099  1142  
1055  1141  1163  
99  339  1667  
99  255  293  
1806  1807  1847  
498  791  1636  
1148  1690  1720  
1147  1577  1578  
102  813  1673  
559  814  1442  
218  1219  1305  
27  1305  1428  
1392  1441  1659  
1392  1393  1397  
284  1156  1721  
95  1155  1722  
166  1183  1599  
173  996  1652  
40  351  1378  
988  1378  1379  
1416  1694  1949  
1504  1614  1949  
1142  1164  1444  
442  1099  1163  
239  558  958  
239  372  557  
397  694  1898  
447  808  1008  
940  995  1689  
506  671  1732  
254  679  920  
45  254  642  
629  1411  1686  
267  888  1686  
615  1506  1517  
653  659  1507  
175  566  1968  
966  1351  1662  
545  1049  1681  
1366  1487  1724  
97  1892  1893  
527  1323  1703  
928  1157  1408  
1006  1434  1651  
1682  1699  1773  
1338  1484  1818  
987  1518  1866  
23  581  986  
207  264  1227  
264  1228  1883  
519  831  1966  
458  519  1000  
313  1766  1767  
964  1617  1765  
119  1502  1537  
1537  1538  1634  
214  584  1786  
446  912  1947  
768  1019  1553  
1821  1960  1961  
35  229  1910  
56  346  451  
24  1486  1919  
638  1885  1919  
153  265  423  
53  153  1872  
106  307  609  
897  972  1610  
381  696  1050  
645  1368  1890  
21  28  786  
368  459  1704  
274  1342  1669  
576  1669  1844  
315  410  427  
934  1106  1275  
246  917  1489  
929  1385  1489  
132  245  1151  
364  525  1418  
26  436  1094  
326  884  1318  
1580  1941  1980  
650  1940  1941  
691  1021  1310  
690  773  1397  
469  1189  1228  
1081  1190  1227  
44  644  1369  
674  954  1288  
61  982  1725  
76  910  1436  
905  1545  1615  
598  916  1852  
295  689  1439  
294  1111  1430  
1357  1639  1640  
394  1017  1539  
285  612  851  
285  1757  1758  
73  941  1689  
233  438  576  
51  490  923  
614  1618  1796  
23  633  703  
633  1059  1814  
669  917  1333  
603  1488  1727  
966  969  1662  
305  1070  1071  
297  722  857  
857  1113  1593  
301  393  1016  
320  921  1432  
319  853  1459  
358  399  758  
213  1067  1381  
947  1359  1381  
134  406  1577  
233  468  1124  
76  424  1725  
129  799  1775  
484  1108  1629  
896  1032  1744  
726  1524  1528  
158  726  1603  
692  1294  1336  
677  1005  1707  
691  1020  1532  
887  1310  1311  
210  410  1631  
338  674  1631  
383  1588  1875  
462  1687  1688  
17  315  1216  
1329  1391  1657  
82  83  1370  
28  1360  1467  
92  1714  1723  
1483  1723  1724  
295  1111  1431  
295  1114  1711  
54  282  1284  
426  538  1283  
336  562  752  
803  906  1466  
696  1368  1369  
377  491  1230  
34  140  1742  
248  1782  1783  
1474  1746  1771  
727  980  981  
677  1614  1948  
693  1267  1505  
482  548  1296  
578  839  1295  
144  180  1658  
220  1759  1760  
54  190  555  
54  149  191  
1749  1878  1901  
101  111  705  
664  839  1877  
840  1876  1877  
244  1151  1152  
675  955  1839  
88  1621  1622  
143  202  786  
258  1719  1909  
861  1225  1270  
850  1120  1270  
16  30  1846  
30  1620  1712  
555  1315  1510  
190  1314  1511  
224  616  1014  
125  499  1014  
7  384  1222  
115  1587  1874  
280  1062  1090  
174  534  1062  
875  1056  1057  
1182  1656  1892  
1325  1484  1701  
331  1324  1861  
260  528  1656  
748  953  1068  
882  1567  1977  
513  1276  1390  
611  793  1644  
809  1534  1722  
1545  1853  1924  
246  396  1247  
626  1966  1967  
159  1831  1928  
693  1267  1857  
1708  1856  1857  
798  1112  1186  
168  296  865  
162  165  1859  
105  165  496  
445  584  1213  
621  622  1786  
543  1345  1602  
485  605  1344  
129  188  1347  
1046  1346  1775  
287  1349  1558  
242  892  1348  
1013  1849  1968  
1178  1968  1969  
1830  1887  1929  
199  1780  1967  
1355  1383  1697  
881  1354  1865  
251  554  652  
593  1237  1640  
946  1066  1067  
990  1258  1463  
75  1278  1622  
337  890  1622  
61  424  1945  
53  264  1080  
1084  1395  1507  
107  328  615  
1180  1714  1723  
183  715  1515  
377  1210  1287  
377  1229  1287  
225  1040  1277  
225  336  785  
848  976  1373  
91  196  1372  
395  1375  1795  
837  1045  1374  
305  1661  1662  
1674  1898  1899  
989  1159  1160  
49  145  1160  
789  947  1381  
1257  1258  1380  
737  1607  1608  
882  1129  1354  
647  1006  1408  
415  605  1218  
266  1051  1692  
324  382  1479  
360  769  1552  
230  553  1840  
98  276  1329  
624  1276  1449  
1153  1154  1440  
773  1154  1659  
658  1084  1953  
64  658  1364  
787  788  1440  
651  1154  1226  
90  91  196  
767  768  1731  
1401  1802  1813  
690  1400  1785  
49  243  461  
461  744  956  
236  745  844  
753  844  1920  
89  314  713  
200  303  314  
1183  1384  1651  
227  984  1434  
249  1073  1411  
776  1173  1410  
67  241  1934  
60  1934  1935  
270  440  1415  
429  959  1414  
463  1161  1504  
548  574  801  
408  760  1220  
364  407  1794  
209  832  1421  
1420  1451  1570  
18  31  899  
18  783  784  
553  724  1936  
349  523  1841  
1476  1688  1875  
42  155  1687  
218  291  1152  
161  492  656  
1110  1236  1431  
810  1281  1430  
394  1254  1433  
432  1432  1782  
613  1184  1409  
273  416  984  
919  1047  1232  
124  483  1047  
809  810  1533  
1235  1606  1619  
1130  1392  1396  
717  1153  1834  
1150  1881  1931  
808  1008  1881  
78  316  1163  
137  755  836  
409  1087  1447  
403  1060  1446  
738  1977  1978  
276  1391  1978  
1886  1887  1966  
194  1421  1886  
826  1453  1503  
649  961  1452  
558  998  1026  
93  558  778  
160  1810  1811  
26  380  676  
169  359  1486  
359  399  1255  
4  869  1115  
821  822  1680  
414  962  1463  
1067  1359  1462  
474  634  1465  
56  715  1464  
21  336  1286  
21  785  1278  
32  763  1469  
126  228  1468  
19  723  1112  
222  439  1112  
402  649  1705  
1706  1975  1976  
1291  1768  1769  
747  1069  1745  
383  1426  1755  
14  507  802  
401  1691  1692  
401  628  1387  
1481  1576  -1  
1480  1661  1898  
545  1049  1724  
777  1116  1280  
439  1186  1324  
1801  1818  1819  
371  1203  1458  
24  635  1180  
246  396  1248  
647  1217  1218  
321  393  1072  
321  642  1854  
266  1051  1933  
586  888  1735  
780  967  1495  
305  1494  1969  
352  1035  1572  
37  108  483  
540  549  1608  
591  882  1129  
465  933  1501  
343  587  1500  
1195  1538  1648  
830  1452  1538  
574  1162  1416  
481  577  1294  
1126  1175  1630  
1126  1176  1364  
858  931  1509  
43  968  1508  
894  1314  1789  
866  1315  1789  
136  1078  1513  
461  1512  1825  
473  1515  1958  
634  1367  1514  
652  1034  1105  
1084  1175  1952  
992  1187  1527  
707  986  1867  
1042  1043  1693  
268  676  1613  
740  795  1523  
151  973  1522  
1265  1604  1851  
1096  1097  1851  
22  469  1527  
564  1518  1526  
1265  1850  1851  
1038  1039  1850  
517  1902  1903  
419  701  1902  
691  1269  -1  
84  1110  1438  
3  1331  1955  
353  354  1015  
250  354  1751  
876  1195  1196  
1196  1502  1503  
921  1238  1540  
1016  1017  1539  
182  452  720  
92  182  777  
572  1544  1654  
179  1132  1543  
904  1233  1332  
298  1727  1925  
952  1025  1589  
260  1056  1069  
740  751  973  
736  739  751  
288  554  1074  
230  1388  1841  
1137  1199  1750  
1731  1749  1900  
658  914  1953  
250  353  902  
862  1119  1120  
221  1348  1842  
112  601  753  
601  791  792  
196  390  872  
187  943  1717  
38  81  879  
879  978  979  
666  910  1088  
332  611  911  
98  276  1328  
277  279  1912  
83  208  499  
83  627  1421  
193  204  1696  
903  1496  1683  
118  322  596  
118  602  792  
270  466  551  
466  552  1480  
1148  1259  1578  
438  1148  1577  
302  1940  1980  
737  1223  1697  
211  569  1972  
216  456  827  
309  410  1715  
210  309  532  
630  631  659  
659  1126  1128  
7  1319  1588  
327  1273  1587  
1056  1547  1590  
234  356  1589  
625  825  1592  
875  1057  1591  
79  959  1252  
858  930  1012  
120  557  1596  
442  1048  1595  
964  1618  1797  
110  197  1623  
173  420  1157  
172  191  608  
490  680  681  
1344  1764  1765  
278  459  1266  
278  981  1524  
95  809  1606  
810  1439  1605  
1382  1608  1941  
1382  1498  1607  
762  948  1109  
65  1109  1208  
71  122  365  
365  1790  1910  
217  1521  1948  
577  1162  1293  
639  1233  1853  
169  399  1925  
1007  1194  1766  
977  1244  1597  
1439  1620  -1  
689  1313  1619  
28  202  1307  
1307  1360  1361  
55  101  1598  
51  101  684  
86  544  681  
86  660  1764  
443  865  1860  
425  556  565  
124  619  1263  
328  619  1506  
1077  1271  1272  
315  514  1086  
625  829  1634  
826  1196  1633  
497  1064  1807  
687  1146  1807  
12  752  803  
46  631  752  
248  594  1237  
1075  1237  1357  
317  1832  1833  
501  1101  1118  
611  911  1809  
600  852  1330  
449  524  917  
449  700  725  
199  519  520  
510  1502  1971  
113  550  1834  
180  717  1835  
1184  1408  1652  
416  1158  1651  
25  157  1131  
157  179  1543  
235  1025  1893  
952  1323  1326  
934  1276  1837  
623  654  1297  
201  1153  1393  
690  1021  1905  
969  1376  1481  
1178  1249  1376  
72  718  1907  
505  1889  1907  
146  1666  1901  
274  750  1665  
39  770  1143  
770  1730  1742  
178  1213  1214  
214  446  1946  
583  841  1672  
618  815  1671  
366  1135  1149  
765  1135  1377  
198  325  832  
832  1830  1886  
87  733  1678  
214  1677  1787  
869  870  1114  
870  1115  1461  
868  1179  1699  
318  400  1185  
193  1572  1684  
204  1683  1922  
195  325  805  
805  1173  1174  
1274  1427  1825  
1274  1426  1824  
994  1169  1241  
438  505  1147  
457  947  1478  
628  1386  1478  
435  1520  1694  
1095  1161  1693  
902  1104  1952  
864  1104  1571  
1354  1580  1979  
975  1029  1865  
1117  1185  1681  
797  1037  1773  
310  1324  1702  
504  1701  1861  
143  528  1182  
202  953  1212  
826  1472  1706  
402  1473  1705  
1022  1268  1857  
570  908  1337  
385  1715  1716  
428  784  1716  
689  1282  1712  
688  1313  1711  
183  541  1714  
1279  1366  1713  
427  1583  1709  
1709  1710  1734  
102  1562  1718  
511  1717  1799  
259  370  1309  
258  259  1147  
1155  1722  1954  
1156  1331  1721  
1279  1280  1366  
1180  1280  1482  
1231  1261  1726  
919  1046  1725  
358  1248  1546  
358  422  758  
231  769  1804  
388  1668  1741  
1399  1554  1732  
940  1170  1731  
386  898  1734  
308  1716  1733  
290  889  1493  
888  1932  1933  
50  985  1777  
487  488  942  
216  573  1023  
1022  1023  1856  
171  231  1730  
431  1289  1668  
484  1757  1758  
10  1108  1264  
727  1475  1771  
460  727  1291  
398  448  1974  
370  1829  1909  
1301  1554  1750  
1553  1749  1961  
1074  1536  1752  
289  1075  1751  
181  899  927  
342  655  1760  
462  507  1476  
114  507  1939  
612  1240  1743  
329  1240  1743  
180  181  1298  
927  1298  1754  
580  1123  1762  
468  1124  1761  
497  1846  -1  
1602  1626  1863  
604  1194  1602  
977  1193  1617  
848  1138  1193  
748  1474  1770  
368  460  1474  
1068  1768  1771  
1291  1745  1770  
635  797  867  
867  1185  1700  
799  982  1775  
1262  1347  1774  
50  105  495  
105  488  1737  
672  736  1779  
1083  1778  1817  
119  648  1353  
119  199  510  
140  1290  1433  
140  594  1290  
302  817  1940  
774  1401  1803  
1197  1343  1787  
87  1678  1786  
2  854  1789  
1510  1511  1788  
698  1612  1916  
9  925  1964  
283  311  425  
167  311  1070  
1045  1419  1897  
388  1374  1897  
197  1244  1797  
80  1597  1796  
187  389  1799  
90  1718  1798  
223  895  1801  
168  1485  1800  
651  1400  1813  
1785  1812  1813  
288  1729  1841  
5  288  593  
16  687  1145  
1145  1635  1636  
1089  1870  1871  
1002  1058  1643  
379  873  1456  
379  380  1456  
817  849  1803  
1400  1802  1803  
36  794  1246  
582  1058  1059  
85  735  745  
151  1082  1779  
331  1186  1485  
223  798  1485  
55  1821  1960  
110  1200  1820  
369  695  719  
232  719  1908  
957  1688  1874  
957  1513  1687  
937  991  1827  
177  649  1826  
1009  1829  1974  
1748  1828  -1  
1352  1676  1928  
1335  1932  1933  
501  1641  1833  
502  1641  1832  
1441  1649  1835  
113  1650  1834  
623  926  1913  
386  623  1657  
27  955  1942  
27  1306  1895  
523  724  1389  
1425  1552  1804  
1120  1558  1843  
221  342  1842  
1092  1214  1845  
1844  1946  1947  
1312  1763  1847  
497  1145  1846  
310  722  1012  
175  304  1350  
367  1528  1529  
1524  1525  1528  
247  299  1234  
1332  1615  1925  
585  1491  1855  
142  1073  1854  
573  1337  1740  
1336  1337  1707  
271  694  1859  
271  1340  1858  
757  779  1627  
443  1325  1702  
80  964  1863  
544  1764  1862  
303  1107  1865  
1355  1698  1864  
263  1187  1867  
992  1519  1866  
456  760  1869  
122  547  1868  
0  599  1808  
811  812  1808  
423  983  1206  
0  1944  1945  
1319  1824  1875  
1273  1426  1874  
588  665  1304  
588  1303  1304  
111  1301  1879  
55  1878  1960  
72  718  1881  
1442  1443  1880  
25  951  1883  
950  1190  1882  
126  714  1885  
127  1204  1884  
1450  1451  1676  
831  1352  1450  
437  535  536  
103  994  1664  
696  731  1210  
362  645  732  
235  1181  1323  
754  1181  1655  
492  954  1895  
291  1839  1894  
39  387  1897  
1794  1795  1896  
1167  1377  1481  
366  1377  1931  
512  1554  1901  
1301  1665  1900  
771  1530  1531  
170  1134  1530  
201  220  1905  
773  1660  1904  
103  536  1907  
1663  1664  1906  
398  448  1823  
1009  1309  1748  
71  1201  1612  
32  229  493  
738  971  1568  
277  624  1836  
164  426  1915  
411  538  1914  
35  1790  1917  
828  924  1916  
24  183  638  
639  1203  1204  
754  1405  1921  
112  1025  1920  
903  1684  1923  
567  1046  1922  
494  598  1332  
1546  1616  1853  
172  411  997  
52  996  997  
325  1335  1830  
806  1000  1352  
559  813  1931  
1442  1899  1930  
805  1736  1831  
1492  1736  1831  
800  1412  1413  
982  983  1413  
725  1424  1937  
421  772  1936  
327  384  463  
327  383  1756  
1224  1579  1784  
1223  1224  1607  
376  531  1838  
211  376  1972  
53  662  1873  
812  1362  1873  
178  1670  1845  
1093  1198  1845  
1043  1293  1613  
1043  1161  1162  
240  265  816  
240  950  951  
864  1517  1695  
902  1394  1555  
852  1721  1955  
852  1534  1954  
251  863  1957  
349  554  1956  
1514  1959  1965  
474  634  1958  
1200  1820  1879  
116  1200  1750  
555  565  1963  
168  894  1962  
346  924  1791  
9  451  1958  
1191  1334  1450  
413  1334  1353  
1177  1350  1351  
709  1351  1495  
510  520  1139  
509  830  1648  
1581  1943  1973  
456  525  1972  
1747  1828  -1  
592  637  1473  
302  592  1473  
591  1328  1448  
971  1448  1449  
539  1697  1980  
1223  1579  1979  
