0.181798	0.482981
0.460205	-0.33553
-0.248307	-0.296716
0.0931729	-0.0423074
-0.0598211	-0.412559
0.127942	0.318954
-0.347038	0.336806
-0.303403	-0.290273
0.381988	0.0672457
0.198225	-0.433962
0.395508	0.29946
0.0159755	0.499606
-0.117203	0.168587
0.444479	0.354809
0.268001	0.289
0.229946	-0.296977
-0.290431	-0.278211
0.10998		0.438
0.468897	-0.254023
-0.365892	0.456835
0.0246133	-0.32414
0.183871	0.321336
-0.30889	0.484926
0.159488	-0.486729
-0.452092	-0.308378
0.0928996	0.363457
-0.372217	0.151206
0.3275		0.295248
0.231404	0.206196
-0.469499	0.133573
-0.0417875	-0.322282
0.399494	0.288563
-0.124814	0.250456
0.408484	0.388165
-0.106473	-0.486719
-0.285789	-0.261918
-0.0496091	0.220111
0.398811	-0.185043
-0.0214499	0.491617
-0.399268	0.495542
-0.433854	0.212063
0.140852	0.300494
0.405777	-0.112029
0.128448	-0.170786
-0.392353	-0.28113
0.0529986	-0.253354
-0.121105	-0.416841
0.150647	-0.0702945
-0.439225	-0.0610133
-0.451116	0.090558
0.00805865	0.441687
0.429808	-0.214485
0.144818	-0.0504348
0.342706	-0.145613
-0.318147	-0.0893713
-0.0630731	-0.0700979
-0.136145	-0.195216
-0.00291037	0.0854856
-0.243228	0.0714806
0.374858	0.244945
-0.203581	0.412833
0.477		-0.0628636
0.451353	-0.102984
0.152689	0.247998
0.105658	-0.214217
-0.344588	-0.482381
-0.375138	0.0608688
0.0220929	0.315363
0.301724	0.0687689
-0.20068	0.16558
-0.100084	-0.118551
-0.492407	0.119657
0.0793685	-0.0535292
0.334392	0.131586
-0.430754	0.324412
0.395471	-0.325351
-0.171803	-0.495686
0.00816499	0.228956
0.0567975	-0.405082
-0.217806	0.339737
-0.0427085	0.198169
-0.377079	0.434348
0.0801084	0.381828
0.383662	0.206048
0.0571102	-0.148227
-0.258577	0.100575
0.371152	-0.03997
0.22399		-0.40261
0.327458	-0.411818
-0.418528	-0.201033
0.242983	-0.189724
0.309483	0.47891
0.0455128	-0.0659261
-0.0198049	0.138767
0.255766	-0.345064
-0.489226	-0.424675
0.479944	0.418127
0.465456	-0.0834412
-0.396295	0.46208
0.184625	-0.0142056
0.246052	0.393985
-0.287336	-0.264028
0.486122	0.254599
0.0427121	-0.137139
0.108751	-0.224045
0.47362		0.137089
0.0600731	-0.352131
-0.270048	0.3016
-0.0062207	0.448625
0.0377169	-0.092261
0.369328	0.29644
0.27465		0.0347146
0.448984	0.0762773
-0.00721453	-0.254647
0.144128	0.360951
0.498273	0.475338
0.0104125	0.0034512
0.00430226	0.308049
0.373482	0.106512
0.14037		0.190317
-0.337178	0.0499772
-0.0332092	-0.146528
0.304345	0.123738
-0.335098	0.0152445
0.214468	-0.430167
0.182679	0.287247
-0.238197	-0.375329
-0.162562	-0.183634
-0.337479	-0.0108114
0.29223		-0.482835
-0.00641121	0.246708
0.42937		0.413928
-0.113994	0.0970376
-0.0887018	0.188374
-0.00511632	0.0100178
0.369891	-0.241088
0.037404	-0.350485
0.390986	0.30467
-0.402985	0.0385869
-0.469942	-0.319573
-0.0558897	-0.337873
0.375061	-0.344832
0.414535	0.0978992
0.392234	0.26933
-0.367592	-0.117137
0.270094	0.467395
-0.48533	0.0635181
-0.451704	0.202707
-0.096557	0.166415
-0.0641642	-0.407766
-0.329108	-0.312649
0.301685	0.41666
-0.192264	-0.381076
0.253623	-0.350307
0.39027		0.268145
-0.28657	-0.388656
-0.147083	-0.0285144
-0.241707	-0.370157
-0.221923	0.144294
0.148688	-0.00466592
-0.420106	0.270103
-0.372117	-0.171446
-0.493745	-0.372099
0.127678	-0.119482
-0.136685	-0.26428
0.244332	0.483416
-0.219048	0.45381
0.192048	-0.256566
-0.0967879	0.285788
0.238963	0.249276
-0.410521	0.380352
-0.421264	-0.185844
-0.473476	0.289054
0.1281		-0.0204096
-0.0236562	0.410929
0.478146	0.194223
0.309053	0.260885
-0.310358	-0.186427
-0.276974	-0.101281
-0.233009	-0.18326
-0.0516523	-0.120886
0.262805	-0.0428793
0.327989	-0.4932
-0.216672	0.399928
-0.412683	0.0433415
0.439855	-0.358236
0.122267	-0.0536909
-0.383307	-0.233809
0.37672		-0.475248
-0.494954	0.316156
-0.367739	0.410246
0.0105346	0.055533
0.343891	-0.220867
-0.103278	0.208928
0.457984	0.335733
-0.32955	0.246884
0.378799	0.481692
-0.203483	0.068454
-0.493145	-0.290585
0.134861	-0.390513
-0.345198	0.254291
-0.136677	-0.135341
0.329391	0.0810997
0.0418751	-0.205953
-0.455358	-0.196513
0.199423	-0.305926
0.304424	0.446003
-0.0257908	-0.465571
0.154257	-0.405406
0.337209	0.475157
-0.044282	-0.247563
0.202207	0.492358
0.0585818	-0.415586
0.250304	-0.139594
-0.158747	-0.0648517
0.0379299	0.488123
-0.117966	0.352422
0.161051	-0.207816
0.240668	-0.0938307
-0.0131358	0.227206
-0.353916	-0.259145
-0.458082	0.00898172
-0.0441797	0.471866
-0.340351	-0.285172
0.116615	-0.051828
-0.0733372	0.421454
0.382955	0.317621
0.263089	-0.255959
0.100729	-0.0539329
-0.449982	0.153019
-0.215957	0.412403
0.25528		0.49543
-0.314859	0.156985
0.446505	0.410487
0.0624025	-0.200789
0.331298	0.125433
0.150875	-0.241126
0.39669		0.17695
0.00567936	0.45297
0.0743575	-0.274161
0.175507	-0.258484
-0.33545	0.0935083
-0.406014	0.114453
-0.394489	-0.182501
-0.297981	-0.166697
0.316931	-0.33685
-0.435571	0.360779
-0.392115	-0.271352
0.386451	0.08863
-0.395215	-0.384891
0.138089	-0.137534
0.467544	0.0181458
-0.0234241	0.311943
-0.169043	-0.110955
0.17406		0.426537
-0.198729	-0.0326979
0.446825	-0.204274
-0.232492	-0.490246
0.441923	0.401057
-0.441564	-0.3582
-0.259144	-0.438454
-0.0942456	0.0139684
-0.233603	-0.16012
-0.135533	0.104512
-0.459118	-0.397951
-0.368763	0.206165
0.0138826	0.324177
0.450894	0.182509
0.434152	-0.207327
0.46007		0.390495
0.0527346	0.310104
-0.0786078	-0.161439
-0.308286	-0.366934
-0.0521384	-0.289651
-0.172032	-0.342315
-0.288556	0.235518
0.351558	-0.371201
0.217951	0.0990459
-0.33559	-0.268114
-0.196662	-0.30273
0.0109025	0.238075
0.329626	0.0262707
-0.469113	-0.385904
0.113693	-0.158108
-0.321219	0.273528
0.182956	-0.0666679
-0.487955	-0.053835
0.195003	0.423019
-0.311311	-0.209619
-0.0629243	0.432008
-0.2422		0.3375
0.361566	-0.163179
0.44656		0.329374
-0.217429	-0.335516
-0.015363	-0.20599
-0.0700172	0.220219
0.224233	-0.311337
0.363899	0.0483865
0.231186	-0.463839
0.252432	-0.381375
0.234549	0.0715434
0.43033		-0.437408
0.485775	0.428274
-0.000595468	-0.00803621
-0.0646593	0.271598
-0.254723	-0.133362
-0.42067	-0.202864
0.472955	-0.052983
-0.485574	-0.0413578
-0.100821	-0.499547
0.1198		0.479763
0.375321	0.0203415
-0.121052	0.477564
0.420614	0.261531
-0.443499	0.111645
0.423657	0.396344
0.346767	0.114242
0.0686492	-0.213568
-0.432766	-0.499716
0.278069	-0.496499
0.349648	-0.46661
-0.306655	0.053886
-0.3384		-0.480569
0.0694309	-0.0747921
-0.0301737	-0.130105
0.32249		0.084626
0.309349	0.235333
0.239324	0.311966
0.205527	0.287585
0.44478		0.42185
0.0412539	0.35396
0.0021575	0.261075
-0.106508	-0.0882459
-0.148648	-0.331376
-0.440099	0.26301
0.414709	0.0127991
0.115276	0.44916
0.0394425	-0.0906323
-0.256795	0.046526
-0.036991	0.292686
0.178617	0.0174602
0.453554	-0.114287
0.180113	0.164359
0.389099	-0.409147
0.460346	0.0421212
-0.0682692	-0.399833
0.00325129	-0.355582
-0.259015	-0.258153
0.228926	-0.432953
0.354749	0.267947
0.390431	-0.018124
0.389166	-0.288028
0.11696		-0.25108
0.104479	-0.0258412
-0.312266	-0.261353
0.432812	0.272687
0.0515771	-0.143855
0.230631	0.222813
-0.189308	0.307634
0.412161	0.190092
-0.125563	-0.342525
0.188161	0.422514
0.192007	0.0537592
-0.469755	-0.166414
0.0720375	-0.265219
0.468062	-0.285318
-0.337844	-0.143719
-0.480852	0.318981
0.118561	-0.34864
0.41282		0.264725
0.237709	0.1682
-0.0705119	-0.0930911
0.417987	0.114532
-0.0619326	0.098997
-0.157797	-0.101985
-0.0693908	-0.25099
-0.383991	0.261796
0.0104251	0.214575
0.367675	-0.48278
-0.0805596	0.035508
-0.21662	0.265884
-0.282576	-0.250179
0.242352	0.205514
0.0803977	0.244915
0.282156	0.196311
0.406884	0.495618
-0.15105	0.307842
-0.101998	-0.273683
0.218126	0.0502837
0.117403	0.187227
-0.277065	0.362058
0.111516	0.245359
-0.253155	0.228651
-0.0596758	0.0289947
0.31402		-0.266708
0.441368	0.0680252
0.29916		-0.0165756
0.413386	-0.229507
-0.332493	-0.208358
0.12402		0.403659
0.304436	-0.341417
-0.196389	0.286191
0.00914014	-0.381704
-0.293372	0.301022
0.279158	-0.198588
0.330647	0.175787
0.44608		0.265145
0.29797		-0.0146631
-0.442096	-0.305281
0.136064	-0.175971
0.45089		0.10646
0.281465	-0.424242
-0.243262	0.491249
0.426321	0.177568
0.392938	0.115385
0.280844	0.143379
-0.221026	0.22008
-0.10923	0.170977
-0.385335	-0.323047
-0.451718	-0.0210798
-0.288071	0.387832
0.293964	-0.354153
-0.248082	0.493595
-0.156029	-0.384768
0.199069	-0.23948
0.0618806	0.0265863
-0.164658	-0.413847
0.466101	-0.234145
-0.26902	-0.415632
0.471353	0.0358898
0.19914		-0.0538319
0.247558	-0.300733
-0.421573	-0.373983
0.469075	-0.257056
-0.337603	-0.0859263
-0.163069	0.299617
-0.33699	0.210312
-0.28513	-0.183794
-0.0204837	-0.269192
-0.301903	-0.0864604
-0.139672	-0.465712
-0.217783	-0.27285
0.209342	0.417223
0.263101	-0.0546333
-0.221209	0.137375
-0.133988	0.0574338
0.290152	-0.41189
0.371257	-0.283827
-0.274804	0.364426
-0.0867399	0.163051
0.395374	0.0463104
0.339071	-0.227811
0.179017	-0.256926
-0.153592	-0.413843
-0.453068	0.288131
-0.377252	-0.47707
-0.108619	0.446366
0.0759363	0.260964
0.020837	0.207496
0.387884	0.158308
-0.32083	-0.196298
-0.185836	-0.34233
0.46777		-0.193516
-0.420149	-0.443059
-0.489986	-0.19522
-0.0697163	0.278926
-0.090258	0.0339545
-0.32628	0.209331
0.223575	-0.376391
0.00287967	0.398577
-0.12238	0.158864
0.0324948	0.140463
-0.242859	0.264933
-0.27573	-0.194098
-0.211133	0.495529
0.361815	0.02349
-0.2029		-0.13715
-0.0812577	0.301534
-0.112392	0.0291865
-0.462917	-0.243257
-0.419241	-0.175996
0.0356384	-0.0255028
0.37428		-0.482942
0.192655	-0.0452589
0.333074	-0.0265791
0.284238	0.179712
0.427616	-0.0504897
0.41964		-0.10696
0.323338	0.338119
-0.229355	0.226589
0.280684	0.463482
-0.258904	-0.39874
0.371247	-0.45369
-0.170958	-0.293487
0.370797	-0.01707
0.105194	-0.0100399
0.259256	0.322997
-0.395596	0.213984
0.433469	0.314285
0.193845	-0.0431957
0.00975169	-0.103302
-0.190052	-0.206918
0.332013	0.145374
0.305888	0.0584396
0.194202	-0.0478838
0.216981	-0.202287
0.157006	-0.192371
-0.172892	0.203179
-0.166402	0.277167
0.340208	-0.116443
-0.0653602	0.491449
-0.223445	-0.441461
0.36321		0.477358
-0.0478371	0.00227095
0.167837	-0.16057
0.303216	0.158943
0.348976	0.243344
-0.116007	0.262274
0.0340423	0.149593
0.210806	0.00841849
0.489537	-0.349791
0.0650568	0.410212
0.430577	-0.289182
-0.277299	0.428408
0.246128	-0.323656
0.310789	0.423619
-0.231112	-0.300784
-0.275649	0.170273
-0.228526	0.171348
-0.160687	0.335988
-0.0479472	0.150795
0.404834	0.0439638
-0.0998425	-0.0536447
0.393226	-0.0544692
-0.463212	-0.209159
-0.329657	0.446623
0.399082	0.367454
-0.200078	0.284668
0.42002		0.27157
0.278363	0.453735
-0.078587	0.188916
0.112338	0.0609198
-0.120333	-0.431501
-0.245097	-0.343026
-0.230641	-0.381578
-0.186263	0.4828
0.411263	0.09373
0.319509	-0.00455987
0.362193	0.370597
-0.372094	0.223097
-0.410769	0.203403
-0.401872	-0.25751
0.0338162	0.348913
0.172438	0.173828
-0.480778	-0.439459
0.0101963	0.368463
-0.247552	0.393734
0.485109	0.232027
-0.329557	0.130138
0.229614	0.117101
0.1125		-0.220426
0.292672	-0.0551253
-0.49012	-0.454998
-0.159127	-0.446199
-0.270699	0.354591
-0.382781	-0.40611
-0.495909	0.258685
-0.289201	0.392224
0.113765	0.0557932
-0.284127	-0.318578
-0.346983	0.262924
-0.0423184	-0.245682
-0.171951	0.0127504
0.295621	0.496608
0.494049	0.481051
0.0304308	0.450942
-0.0196471	-0.209111
0.466034	-0.369532
0.280979	0.409066
0.179415	0.427224
0.352061	0.0896047
-0.014648	-0.188921
-0.189373	0.212631
-0.302854	-0.0617471
0.217179	0.127755
0.170483	0.31617
-0.12826	0.335026
-0.222212	0.29092
0.488589	-0.288724
0.414934	-0.2096
0.248706	0.00365625
0.450519	-0.131547
0.0874251	0.353702
-0.330912	0.36467
0.00685823	0.266215
0.270358	-0.0848868
0.308134	-0.187484
-0.0403825	0.290962
0.190074	-0.425235
0.0755673	0.0603742
-0.291037	-0.465514
0.106515	0.19189
0.103577	-0.187342
0.343796	0.173515
0.261796	-0.000946619
0.0901692	0.473142
0.0985785	-0.191356
-0.11219	0.427553
-0.124549	-0.300253
-0.358957	0.0138331
0.493526	-0.31225
0.0116382	-0.3976
-0.458069	0.226829
0.310153	-0.25399
0.186071	0.290882
-0.154434	0.435064
0.126057	-0.363089
-0.440287	0.0979483
0.217806	-0.33555
0.415425	0.0506786
-0.2451		-0.403876
0.0630563	-0.212958
-0.191038	0.217529
0.00358909	0.321839
0.146336	0.465885
0.124927	-0.358055
0.165614	0.467531
-0.208928	-0.460809
0.179125	-0.443971
0.180418	0.292228
0.474042	0.220376
-0.138617	0.267143
-0.13355	0.420889
-0.118798	0.366708
0.265177	-0.162973
-0.0864291	0.385681
0.139855	-0.454925
0.0759055	-0.257079
0.271564	0.180009
0.418351	0.229329
0.332708	-0.173535
0.400825	-0.330025
0.275602	0.036971
0.371351	0.298751
0.112874	0.0722327
0.0150865	-0.441105
0.3514		-0.0148002
0.252334	-0.0222905
0.364198	0.0816654
-0.449579	-0.0802399
0.407974	-0.181185
-0.171458	0.311034
-0.450687	0.308521
0.311627	-0.482655
0.0177761	-0.236575
-0.118081	0.411404
0.474214	0.116227
0.42145		0.303619
-0.080937	-0.308062
0.407654	0.439243
0.356795	-0.341257
-0.498616	-0.243623
0.430517	-0.305279
0.171666	0.189427
-0.300499	-0.494089
-0.160372	-0.378904
-0.237303	-0.353154
-0.454329	0.0955521
-0.0561111	-0.0595382
0.342203	0.41191
-0.0240479	-0.17374
-0.0506819	0.190026
-0.22754	-0.257709
-0.30802	0.107989
-0.0333228	-0.0565534
-0.492851	-0.355144
0.100207	0.170954
0.225045	0.331246
0.248527	-0.000597337
-0.0394513	-0.0573409
0.271835	-0.276353
0.338947	-0.322844
-0.039953	-0.490019
0.251244	-0.342858
-0.418697	-0.0381385
0.00555408	0.347348
-0.11524	0.158745
0.0267138	-0.0215715
0.447142	0.115873
0.47283		-0.149166
-0.0405991	-0.348433
-0.117555	0.254654
-0.0328293	0.237934
-0.0349861	-0.0118122
0.472471	-0.184862
0.0171849	-0.17291
-0.0992943	0.161162
-0.357326	0.42991
0.495365	-0.399993
0.311121	0.0129774
0.111046	0.352168
-0.110933	-0.451785
-0.146426	0.0249095
-0.345841	0.450144
-0.422453	-0.170524
-0.00472629	-0.434803
0.264333	-0.357745
0.3803		-0.298843
0.350434	-0.253859
0.391111	0.405002
-0.132932	-0.183517
-0.368638	0.292863
0.145108	-0.162398
-0.416332	-0.285583
0.208248	0.0164269
0.0863399	0.115405
-0.388578	0.168013
-0.207822	0.143003
0.446111	-0.211951
-0.267791	0.243729
0.349168	0.472152
0.45618		0.0159719
0.439218	-0.0627763
-0.0820789	-0.499939
-0.477195	-0.221081
0.292742	0.109791
0.251956	-0.380816
-0.380241	0.293253
-0.29061	-0.289508
0.236001	0.467416
-0.131813	-0.374591
0.240699	0.429166
-0.000443097	-0.447139
-0.0588498	-0.0885054
0.489544	-0.23454
0.090525	0.454186
-0.48758	0.241156
0.115678	0.207426
0.207949	-0.00478382
-0.401626	-0.124788
-0.305617	0.494903
-0.166749	0.44631
0.136522	-0.482822
0.202803	-0.485139
0.270842	0.0492545
-0.180204	0.314007
-0.492021	-0.400015
-0.0535955	0.220512
0.147427	-0.20263
0.403036	-0.168827
-0.472586	0.250239
-0.237649	-0.173499
-0.00276628	-0.492879
0.17918		0.470274
-0.101322	0.0835454
0.147853	-0.0420183
-0.202307	-0.16897
0.127215	0.109833
-0.0334655	-0.454608
0.408097	-0.115101
0.489234	-0.43996
-0.40236	-0.468475
0.347226	-0.174421
-0.485618	0.221602
0.459518	0.124841
0.202276	-0.342053
0.112908	-0.359346
0.473102	0.417841
-0.348168	0.336886
0.0390778	-0.218859
-0.37028	-0.299675
0.36076		0.292146
0.0996609	0.000938083
-0.233642	0.176126
0.144655	0.217137
0.423193	-0.387356
-0.297355	0.352264
0.497245	0.195998
0.14639		0.371317
-0.268363	-0.37833
0.399376	0.309227
0.179338	0.130841
0.0382196	0.35722
-0.19845	-0.352427
-0.245874	-0.398732
-0.49115	0.243701
-0.118183	-0.306867
0.484365	-0.276656
0.243636	-0.210588
-0.351336	0.0934931
0.33793		-0.407362
0.466184	0.161133
0.156313	0.145604
0.158223	0.246208
0.0239194	0.0133022
-0.429584	-0.016797
-0.306777	-0.0071101
-0.499529	0.413884
0.14369		0.000907818
0.257699	0.140661
0.0879496	0.169113
0.282132	-0.201753
0.131903	-0.10228
-0.0140596	-0.299387
0.195867	-0.0569524
-0.199103	-0.32351
-0.232671	-0.495438
0.167418	-0.197376
-0.29517	0.0796773
0.135612	0.228678
0.395177	-0.257834
-0.415865	-0.438341
-0.192328	-0.461984
0.438165	0.243039
-0.2381		0.252219
0.0412466	0.232354
0.168005	-0.334421
0.387742	-0.225581
-0.336485	-0.310623
0.359931	0.355456
0.156492	0.157519
0.423687	-0.0903875
-0.142011	0.222482
0.261601	-0.272604
0.348592	-0.219695
-0.416069	0.120389
0.37915		0.366636
0.0578582	0.423215
-0.0302469	-0.35962
-0.13249	0.244114
-0.167726	0.0351026
-0.0298893	-0.350197
0.237371	-0.498475
0.125521	-0.371021
0.248618	-0.470949
-0.241834	0.491671
-0.477181	0.014665
0.473996	0.453306
-0.288771	-0.366091
0.10837		0.371183
0.472391	0.476828
0.0554124	0.316995
-0.271853	-0.0364359
-0.378188	-0.199463
-0.371219	-0.0853914
-0.174085	0.157727
-0.0885775	0.277983
0.0581668	-0.391377
0.120514	0.480232
0.264317	0.373865
-0.445069	-0.272157
-0.13854	-0.440732
-0.376266	0.103978
-0.440667	-0.295162
0.207881	-0.143881
-0.200539	-0.457012
0.00228206	0.354567
0.199517	0.290599
0.0924402	-0.357506
0.390571	0.321491
0.295553	0.366989
-0.0126027	0.186872
-0.23636	0.49173
-0.493806	-0.393793
-0.472875	0.383732
0.381843	-0.363288
0.217353	0.0439928
0.386488	-0.29549
-0.292053	0.464729
-0.30708	-0.0853202
0.0227941	0.10013
-0.12226	0.184008
-0.380983	-0.181971
-0.393373	-0.417482
0.384365	0.0237487
0.14414		-0.445793
-0.439124	-0.362441
0.45812		-0.375155
-0.23651	-0.0192432
-0.420065	-0.0273391
-0.487951	0.00711676
-0.388702	0.0772688
-0.344084	-0.0183738
0.191219	-0.184521
-0.243785	-0.302091
-0.250161	-0.449
-0.338735	-0.112511
0.0301674	0.0236978
0.289743	-0.294587
-0.116543	0.261307
-0.208421	0.0694324
-0.0502173	-0.00151897
0.470607	0.483904
-0.0262485	-0.158806
-0.0445722	-0.125465
0.30268		0.14122
0.484109	0.412189
-0.346963	-0.402319
0.223494	0.260765
-0.329859	0.0657962
-0.163103	-0.264022
-0.425416	0.0262182
-0.350331	-0.0146976
-0.0231647	-0.328362
0.218917	0.344984
0.147348	0.481672
0.453934	0.264854
0.395086	0.21719
0.314578	0.109024
0.370816	0.309039
0.02175		-0.447475
0.292953	-0.331755
0.19578		0.469053
0.368492	0.236924
-0.0225667	-0.278631
0.051143	-0.43926
0.360649	0.432491
-0.120331	-0.40209
0.073911	0.221775
0.376555	-0.2423
-0.33764	0.276467
-0.415131	-0.110377
-0.104588	0.196247
0.328919	0.138368
-0.450102	0.131921
0.202557	0.382789
-0.472088	-0.381494
0.226945	0.261205
0.0642915	-0.451949
0.099569	0.455715
0.208542	-0.0274778
0.179908	-0.280683
-0.440637	0.217708
0.0106758	0.428488
-0.398744	0.312823
-0.383279	0.235312
-0.116721	0.26337
0.452604	-0.0828664
0.264849	0.311587
-0.159472	-0.238605
-0.229233	0.27716
0.23348		0.10274
-0.255139	-0.1204
0.429738	-0.387885
-0.184221	-0.200786
0.387077	-0.404751
0.350006	-0.441636
0.428792	-0.300929
0.292659	-0.278192
0.419842	0.282108
0.394813	-0.378
-0.0454282	0.48894
-0.384942	0.287731
-0.112829	-0.317528
0.305362	0.217929
-0.260529	0.292271
0.200963	-0.418323
0.239314	0.150046
-0.179772	-0.430926
0.432201	0.000475674
-0.00535206	0.0478949
-0.0299698	0.297735
0.0321674	-0.362727
-0.35397	-0.173422
0.297507	0.195243
0.447409	-0.396808
-0.152498	-0.037238
0.14039		-0.457958
0.102559	-0.291238
0.16237		-0.0541114
-0.450862	0.355835
-0.475857	0.275019
0.247905	-0.463303
0.273856	-0.299133
0.467022	0.244011
0.0938264	-0.0591642
-0.373293	0.0719491
0.249227	-0.245657
0.246055	0.446015
0.175879	0.000154234
-0.407801	0.0911932
-0.316617	-0.38453
0.201389	-0.261539
0.311993	-0.3411
0.140115	-0.0945103
-0.434657	-0.28545
0.440665	0.24973
0.215259	-0.145015
-0.263477	-0.256801
-0.0603587	-0.448564
-0.00919892	0.393765
0.0152989	0.127947
0.397389	-0.075325
0.0133449	0.288219
0.10298		-0.209047
-0.451611	-0.219583
0.474617	-0.112289
-0.24272	-0.393144
0.434305	0.364489
-0.0389064	0.0998164